67	-6.67738	-6.68478	0.000641867
93	-0.520946	-0.409317	0.0038513
68	-6.6849	-6.68478	0.00063243
94	-0.433776	-0.409578	0.00381911
64	-5.03226	-5.03635	0.000938487
5	-5.02605	-5.04992	0.0178549
10	-6.50418	-6.50776	0.00194704
69	-6.68074	-6.68472	0.000625969
95	-0.428045	-0.409772	0.00378385
6	-5.03371	-5.04722	0.0150822
11	-6.5079	-6.50777	0.00177008
65	-5.03562	-5.03634	0.000924116
7	-5.02949	-5.04469	0.0131387
12	-6.51736	-6.50857	0.00179373
96	-0.337288	-0.409017	0.00381902
70	-6.69074	-6.68481	0.000622893
13	-6.5093	-6.50863	0.00165663
8	-5.01074	-5.04044	0.0121625
66	-5.0413	-5.03642	0.00091316
14	-6.50446	-6.50833	0.00156476
9	-5.04582	-5.04104	0.0108258
97	-0.354753	-0.408457	0.0038204
71	-6.68009	-6.68474	0.00061765
15	-6.49993	-6.50777	0.00155735
10	-5.00972	-5.03791	0.0101862
67	-5.03114	-5.03634	0.000902923
16	-6.50817	-6.50779	0.00146021
11	-5.02928	-5.03713	0.00929031
98	-0.386079	-0.408229	0.00378824
72	-6.69	-6.68482	0.000613366
17	-6.51494	-6.50821	0.00143352
68	-5.0368	-5.03635	0.00088967
12	-5.00925	-5.0348	0.00880178
18	-6.50572	-6.50808	0.00136054
99	-0.405486	-0.408201	0.00375008
13	-5.01649	-5.03339	0.00823665
73	-6.67992	-6.68475	0.000608612
19	-6.5114	-6.50825	0.00130016
69	-5.03352	-5.03631	0.000877718
14	-5.04859	-5.03448	0.00771954
20	-6.5073	-6.5082	0.00123602
100	-0.395488	-0.408074	0.00371473
15	-5.0315	-5.03428	0.00720746
74	-6.68157	-6.68471	0.000601899
70	-5.04504	-5.03643	0.000874005
16	-5.01989	-5.03338	0.00681286
17	-5.0096	-5.03198	0.00655413
71	-5.04012	-5.03648	0.000863236
18	-5.00997	-5.03076	0.00630308
