BLOCK	ACTUAL_P	P_AVE	ERROR
1	1.54558	1.54558	0
2	1.33187	1.43873	0.0755593
3	1.7318	1.53642	0.0943378
4	1.35419	1.49086	0.0810096
5	1.47608	1.4879	0.0648616
6	1.6279	1.51124	0.0580964
7	1.5406	1.51543	0.0499481
8	1.62458	1.52907	0.0455298
9	1.33964	1.50803	0.0450746
10	1.35922	1.49315	0.0429531
11	1.34008	1.47923	0.0412407
12	1.44006	1.47597	0.0379329
13	1.43003	1.47243	0.0351792
14	1.67288	1.48675	0.0354604
15	1.44946	1.48426	0.0331834
16	1.52997	1.48712	0.0312322
17	1.50702	1.48829	0.0294169
18	1.59015	1.49395	0.0283218
19	1.69626	1.5046	0.0287632
20	1.41547	1.50014	0.027668
21	1.34728	1.49286	0.0272913
22	1.47082	1.49186	0.0260692
23	1.52522	1.49331	0.0249761
24	1.3758	1.48842	0.0244106
25	1.26686	1.47955	0.0249911
26	1.45427	1.47858	0.0240489
27	1.64786	1.48485	0.0239615
28	1.64321	1.49051	0.0237638
29	1.58483	1.49376	0.0231659
30	1.48822	1.49357	0.0223944
31	1.46155	1.49254	0.0216959
32	1.42485	1.49043	0.0211207
33	1.34388	1.48599	0.0209423
34	1.56891	1.48842	0.0204679
35	1.33417	1.48402	0.0203521
36	1.37461	1.48098	0.0200124
37	1.41156	1.4791	0.0195592
38	1.63148	1.48311	0.0194512
39	1.38098	1.48049	0.019128
40	1.42318	1.47906	0.0187033
41	1.52263	1.48012	0.0182773
42	1.45121	1.47943	0.0178551
43	1.44285	1.47858	0.0174601
44	1.47768	1.47856	0.0170633
45	1.35637	1.47585	0.0168988
46	1.43878	1.47504	0.0165507
47	1.3631	1.47266	0.016369
48	1.3457	1.47001	0.0162403
49	1.5631	1.47191	0.0160196
50	1.57615	1.474	0.0158342
51	1.46195	1.47376	0.0155255
52	1.35099	1.4714	0.0154054
53	1.32194	1.46858	0.0153707
54	1.45626	1.46835	0.0150878
55	1.5444	1.46974	0.0148767
56	1.47822	1.46989	0.0146118
57	1.63827	1.47284	0.014651
58	1.44827	1.47242	0.0144045
59	1.43843	1.47184	0.0141719
60	1.39838	1.47062	0.0139885
61	1.51562	1.47136	0.0137786
62	1.37437	1.46979	0.0136449
63	1.43307	1.46921	0.0134407
64	1.50694	1.4698	0.0132436
65	1.52431	1.47064	0.0130664
66	1.42948	1.47001	0.0128833
67	1.61258	1.47214	0.0128656
68	1.62779	1.47443	0.0128784
69	1.42587	1.47373	0.0127109
70	1.55075	1.47483	0.0125769
71	1.47623	1.47485	0.0123998
72	1.36471	1.47332	0.0123215
73	1.36886	1.47189	0.0122355
74	1.38354	1.47069	0.0121283
75	1.52081	1.47136	0.011985
76	1.68005	1.47411	0.0121378
77	1.70312	1.47708	0.0123392
78	1.34034	1.47533	0.0123049
79	1.54341	1.47619	0.0121793
80	1.40598	1.47531	0.0120586
81	1.33667	1.4736	0.0120306
82	1.75576	1.47704	0.0123662
83	1.4355	1.47654	0.0122273
84	1.45353	1.47627	0.0120848
85	1.55918	1.47724	0.0119819
86	1.87036	1.48181	0.0126846
87	1.75808	1.48499	0.0129302
88	1.50213	1.48518	0.0127847
89	1.37294	1.48392	0.0127031
90	1.76628	1.48706	0.0129436
91	1.53195	1.48755	0.0128107
92	1.57907	1.48855	0.0127101
93	1.38702	1.48746	0.0126202
94	1.23351	1.48475	0.0127718
95	1.41621	1.48403	0.0126577
96	1.52107	1.48442	0.0125318
97	1.69902	1.48663	0.0125963
98	1.52906	1.48706	0.0124752
99	1.55132	1.48771	0.0123661
100	1.54722	1.48831	0.0122567
101	1.8869	1.49225	0.0127549
102	1.76978	1.49498	0.0129168
103	1.50258	1.49505	0.0127916
104	1.58603	1.49592	0.0126985
105	1.60568	1.49697	0.0126205
106	1.41295	1.49618	0.0125263
107	1.35454	1.49485	0.012479
108	1.47121	1.49463	0.0123654
109	1.36567	1.49345	0.0123084
110	1.33951	1.49205	0.0122758
111	1.6508	1.49348	0.0122482
112	1.75003	1.49577	0.0123512
113	1.42021	1.4951	0.01226
114	1.60929	1.49611	0.0121933
115	1.22377	1.49374	0.0123151
116	1.47468	1.49357	0.01221
117	1.50497	1.49367	0.0121061
118	1.36029	1.49254	0.0120561
119	1.59263	1.49338	0.0119841
120	1.59926	1.49426	0.0119167
121	1.77532	1.49659	0.0120424
122	1.49435	1.49657	0.0119437
123	1.27815	1.49479	0.0119779
124	1.45721	1.49449	0.0118852
125	1.58433	1.49521	0.0118118
126	1.48771	1.49515	0.0117182
127	1.52592	1.49539	0.0116284
128	1.87826	1.49838	0.0119161
129	1.43283	1.49787	0.0118345
130	1.59237	1.4986	0.0117658
131	1.66847	1.4999	0.0117472
132	1.28779	1.49829	0.0117676
133	1.5644	1.49879	0.0116896
134	1.39359	1.498	0.0116287
135	1.74023	1.4998	0.0116802
136	1.54413	1.50012	0.0115989
137	1.28366	1.49854	0.0116213
138	1.64992	1.49964	0.0115888
139	1.48521	1.49954	0.0115059
140	1.63931	1.50053	0.0114669
141	1.51639	1.50065	0.0113861
142	1.17658	1.49836	0.0115324
143	1.32523	1.49715	0.0115151
144	1.40195	1.49649	0.0114541
145	1.56376	1.49696	0.0113845
146	1.60635	1.49771	0.0113312
147	1.55	1.49806	0.0112597
148	1.89141	1.50072	0.011493
149	1.5087	1.50077	0.011416
150	1.5556	1.50114	0.0113457
151	1.49959	1.50113	0.0112706
152	1.53335	1.50134	0.0111984
153	1.59653	1.50196	0.0111425
154	1.61917	1.50272	0.0110961
155	1.44956	1.50238	0.0110298
156	1.66503	1.50342	0.0110083
157	1.55343	1.50374	0.0109428
158	1.44321	1.50336	0.0108802
159	1.3263	1.50224	0.0108686
160	1.5139	1.50232	0.0108009
161	1.60826	1.50298	0.0107539
162	1.50855	1.50301	0.0106876
163	1.66062	1.50398	0.0106656
164	1.38468	1.50325	0.0106254
165	1.69845	1.50443	0.0106266
166	1.5037	1.50443	0.0105626
167	1.70133	1.50561	0.010565
168	1.45719	1.50532	0.010506
169	1.61811	1.50599	0.010465
170	1.70897	1.50718	0.0104714
171	1.50135	1.50715	0.0104102
172	1.53964	1.50733	0.0103514
173	1.37569	1.50657	0.0103195
174	1.41686	1.50606	0.010273
175	1.47192	1.50586	0.0102162
176	1.61686	1.50649	0.0101776
177	1.50564	1.50649	0.0101201
178	1.52633	1.5066	0.0100638
179	1.4252	1.50615	0.0100179
180	1.41792	1.50566	0.00997422
181	1.5954	1.50615	0.00993143
182	1.41474	1.50565	0.00988956
183	1.34994	1.5048	0.00987205
184	1.53732	1.50498	0.00981998
185	1.67405	1.50589	0.00980934
186	1.6017	1.5064	0.00977011
187	1.47384	1.50623	0.00971942
188	1.32565	1.50527	0.00971507
189	1.65243	1.50605	0.00969482
190	1.57343	1.5064	0.00965028
191	1.31665	1.50541	0.00965075
192	1.46383	1.50519	0.00960292
193	1.50769	1.50521	0.00955317
194	1.28354	1.50406	0.00957201
195	1.50705	1.50408	0.00952294
196	1.26322	1.50285	0.00955331
197	1.65911	1.50364	0.00953769
198	1.40669	1.50315	0.00950208
199	1.42959	1.50278	0.00946152
200	1.32402	1.50189	0.00945634
201	1.50704	1.50192	0.00940933
202	1.37144	1.50127	0.00938489
203	1.68461	1.50217	0.00938202
204	1.45034	1.50192	0.00933946
205	1.43622	1.5016	0.0092994
206	1.71613	1.50264	0.00931239
207	1.45399	1.5024	0.00927037
208	1.37295	1.50178	0.00924667
209	1.56593	1.50209	0.00920752
210	1.30823	1.50117	0.00920983
211	1.67487	1.50199	0.0092029
212	1.532	1.50213	0.00916058
213	1.32594	1.5013	0.00915485
214	1.55373	1.50155	0.00911534
215	1.85148	1.50318	0.00921711
216	1.5596	1.50344	0.00917814
217	1.55292	1.50367	0.00913867
218	1.54343	1.50385	0.00909857
219	1.55638	1.50409	0.00906019
220	1.34738	1.50338	0.00904696
221	1.46333	1.50319	0.00900784
222	1.57079	1.5035	0.00897241
223	1.76154	1.50466	0.00900648
224	1.34107	1.50393	0.00899584
225	1.49016	1.50386	0.00895606
226	1.34849	1.50318	0.00894278
227	1.3676	1.50258	0.00892331
228	1.66914	1.50331	0.00891403
229	1.50003	1.5033	0.00887511
230	1.51249	1.50334	0.00883662
231	1.48736	1.50327	0.00879863
232	1.55803	1.5035	0.00876387
233	1.27423	1.50252	0.00878133
234	1.36317	1.50192	0.00876397
235	1.53868	1.50208	0.00872807
236	1.53624	1.50222	0.00869229
237	1.25047	1.50116	0.00872028
238	1.46168	1.501	0.00868521
239	1.64802	1.50161	0.00867063
240	1.56251	1.50186	0.00863822
241	1.46318	1.5017	0.00860386
242	1.7604	1.50277	0.00863447
243	1.41379	1.50241	0.00860669
244	1.26782	1.50145	0.00862495
245	1.4591	1.50127	0.00859148
246	1.65018	1.50188	0.00857785
247	1.61665	1.50234	0.0085557
248	1.65372	1.50295	0.00854295
249	1.34418	1.50232	0.0085324
250	1.51572	1.50237	0.00849844
251	1.53277	1.50249	0.00846545
252	1.3395	1.50184	0.00845653
253	1.49232	1.50181	0.00842318
254	1.60198	1.5022	0.00839925
255	1.61392	1.50264	0.00837773
256	1.51668	1.50269	0.00834518
257	1.69685	1.50345	0.00834684
258	1.60335	1.50384	0.00832347
259	1.67122	1.50448	0.00831638
260	1.46873	1.50434	0.00828553
261	1.5353	1.50446	0.00825463
262	1.59495	1.50481	0.00823035
263	1.51559	1.50485	0.00819916
264	1.47657	1.50474	0.0081688
265	1.61058	1.50514	0.00814773
266	1.59741	1.50549	0.00812448
267	1.58502	1.50579	0.00809951
268	1.35422	1.50522	0.00808901
269	1.47082	1.50509	0.00805995
270	1.82001	1.50626	0.00811405
271	1.42297	1.50595	0.00808993
272	1.29999	1.5052	0.00809555
273	1.60984	1.50558	0.00807497
274	1.48467	1.5055	0.00804585
275	1.5325	1.5056	0.0080172
276	1.47857	1.5055	0.00798875
277	1.44516	1.50528	0.00796288
278	1.546	1.50543	0.00793558
279	1.69095	1.5061	0.00793495
280	1.55764	1.50628	0.00790874
281	1.54778	1.50643	0.00788198
282	1.31605	1.50575	0.00788288
283	1.54464	1.50589	0.00785623
284	1.41948	1.50559	0.00783445
285	1.40463	1.50523	0.00781497
286	1.37556	1.50478	0.00780078
287	1.57657	1.50503	0.00777761
288	1.26533	1.5042	0.00779501
289	1.20498	1.50316	0.0078365
290	1.50991	1.50318	0.00780951
291	1.33483	1.50261	0.00780407
292	1.76242	1.5035	0.00782791
293	1.72887	1.50426	0.00783889
294	1.59618	1.50458	0.00781846
295	1.6723	1.50515	0.0078126
296	1.35899	1.50465	0.0078018
297	1.4659	1.50452	0.00777662
298	1.64873	1.50501	0.00776556
299	1.39689	1.50464	0.00774801
300	1.67927	1.50523	0.00774401
301	1.49272	1.50518	0.0077184
302	1.54567	1.50532	0.007694
303	1.51666	1.50536	0.0076687
304	1.3737	1.50492	0.00765569
305	1.41355	1.50462	0.00763645
306	1.42092	1.50435	0.00761639
307	1.39114	1.50398	0.00760051
308	1.48025	1.5039	0.00757622
309	1.67454	1.50446	0.0075718
310	1.49304	1.50442	0.00754746
311	1.85441	1.50554	0.00760663
312	1.62098	1.50591	0.00759125
313	1.36948	1.50548	0.0075795
314	1.47809	1.50539	0.00755586
315	1.29033	1.50471	0.00756266
316	1.53409	1.5048	0.0075393
317	1.82294	1.50581	0.00758201
318	1.37571	1.5054	0.0075692
319	1.63785	1.50581	0.00755685
320	1.66198	1.5063	0.00754898
321	1.43593	1.50608	0.00752864
322	1.43439	1.50586	0.00750855
323	1.45585	1.5057	0.0074869
324	1.49349	1.50566	0.00746389
325	1.70022	1.50626	0.00746489
326	1.34224	1.50576	0.00745893
327	1.70425	1.50637	0.00746078
328	1.56613	1.50655	0.00744025
329	1.60123	1.50684	0.0074232
330	1.58675	1.50708	0.00740466
331	1.41664	1.50681	0.00738733
332	1.55155	1.50694	0.0073663
333	1.69174	1.5075	0.00736506
334	1.47483	1.5074	0.00734366
335	1.37827	1.50701	0.00733184
336	1.59338	1.50727	0.00731453
337	1.22355	1.50643	0.00734111
338	1.45902	1.50629	0.00732073
339	1.70912	1.50689	0.00732355
340	1.36578	1.50647	0.00731376
341	1.50291	1.50646	0.00729232
342	1.30115	1.50586	0.00729566
343	1.45781	1.50572	0.00727574
344	1.46985	1.50562	0.00725534
345	1.57426	1.50581	0.00723703
346	1.4835	1.50575	0.0072164
347	1.31684	1.50521	0.00721611
348	1.28635	1.50458	0.00722273
349	1.42926	1.50436	0.00720526
350	1.53547	1.50445	0.00718522
351	1.47721	1.50437	0.00716517
352	1.35622	1.50395	0.00715716
353	1.45547	1.50381	0.00713821
354	1.64292	1.50421	0.00712885
355	1.38564	1.50387	0.00711659
356	1.49954	1.50386	0.00709661
357	1.43358	1.50366	0.00707946
358	1.74339	1.50433	0.00709128
359	1.67017	1.5048	0.00708656
360	1.85688	1.50577	0.00713404
361	1.63488	1.50613	0.00712324
362	1.2915	1.50554	0.00712819
363	1.52657	1.5056	0.00710879
364	1.48292	1.50553	0.00708954
365	1.48702	1.50548	0.00707029
366	1.51861	1.50552	0.00705107
367	1.47645	1.50544	0.0070323
368	1.47951	1.50537	0.00701354
369	1.47654	1.50529	0.00699497
370	1.4038	1.50502	0.00698144
371	1.30728	1.50448	0.00698294
372	1.5512	1.50461	0.0069653
373	1.63696	1.50496	0.00695566
374	1.42826	1.50476	0.00694008
375	1.60363	1.50502	0.00692658
376	1.38116	1.50469	0.00691599
377	1.28709	1.50412	0.00692169
378	1.3993	1.50384	0.00690893
379	1.38563	1.50353	0.00689773
380	1.62059	1.50384	0.00688646
381	1.74739	1.50447	0.00689799
382	1.55585	1.50461	0.00688124
383	1.85222	1.50552	0.00692287
384	1.81345	1.50632	0.00695113
385	1.37129	1.50597	0.00694192
386	1.45214	1.50583	0.00692534
387	1.40354	1.50556	0.00691248
388	1.34048	1.50514	0.00690775
389	1.32389	1.50467	0.00690569
390	1.47076	1.50459	0.00688853
391	1.44363	1.50443	0.00687267
392	1.37881	1.50411	0.00686261
393	1.49566	1.50409	0.00684518
394	1.37822	1.50377	0.00683526
395	1.51854	1.50381	0.00681806
396	1.69898	1.5043	0.00681863
397	1.47374	1.50422	0.00680189
398	1.3988	1.50396	0.00678995
399	1.64487	1.50431	0.00678211
400	1.43584	1.50414	0.00676732
401	1.4383	1.50397	0.00675243
402	1.50119	1.50397	0.00673564
403	1.37422	1.50365	0.00672662
404	1.51122	1.50366	0.00670999
405	1.31269	1.50319	0.00670997
406	1.59887	1.50343	0.00669758
407	1.44946	1.5033	0.00668244
408	1.46949	1.50321	0.00666658
409	1.66566	1.50361	0.0066621
410	1.29757	1.50311	0.00666478
411	1.5435	1.50321	0.00664928
412	1.55074	1.50332	0.00663415
413	1.46012	1.50322	0.00661891
414	1.48716	1.50318	0.00660303
415	1.47795	1.50312	0.0065874
416	1.40598	1.50288	0.0065757
417	1.67445	1.5033	0.00657279
418	1.58903	1.5035	0.00656027
419	1.38763	1.50322	0.00655044
420	1.6084	1.50347	0.00653963
421	1.81527	1.50421	0.00656589
422	1.61847	1.50449	0.00655592
423	1.53946	1.50457	0.00654094
424	1.43203	1.5044	0.00652775
425	1.17151	1.50361	0.00655921
426	1.53122	1.50368	0.00654413
427	1.57797	1.50385	0.00653112
428	1.51371	1.50388	0.0065159
429	1.6014	1.5041	0.00650468
430	1.58928	1.5043	0.00649257
431	1.45175	1.50418	0.00647865
432	1.57088	1.50433	0.00646549
433	1.35151	1.50398	0.00646018
434	1.3351	1.50359	0.00645701
435	1.64348	1.50391	0.00645017
436	1.80864	1.50461	0.00647313
437	1.645	1.50493	0.00646628
438	1.54241	1.50502	0.00645209
439	1.46361	1.50492	0.00643808
440	1.49587	1.5049	0.00642348
441	1.41401	1.5047	0.00641222
442	1.40071	1.50446	0.00640203
443	1.4367	1.50431	0.0063894
444	1.61433	1.50456	0.00637981
445	1.60761	1.50479	0.00636968
446	1.45497	1.50468	0.00635638
447	1.35959	1.50435	0.00635044
448	1.38716	1.50409	0.00634165
449	1.35592	1.50376	0.00633611
450	1.51096	1.50378	0.00632205
451	1.61283	1.50402	0.00631265
452	1.4817	1.50397	0.00629888
453	1.68752	1.50437	0.00629799
454	1.40011	1.50414	0.00628831
455	1.30817	1.50371	0.00628922
456	1.27946	1.50322	0.00629462
457	1.66937	1.50359	0.00629134
458	1.61779	1.50384	0.00628254
459	1.40906	1.50363	0.00627225
460	1.51062	1.50364	0.00625863
461	1.50242	1.50364	0.00624506
462	1.30698	1.50322	0.00624603
463	1.49859	1.50321	0.00623255
464	1.48681	1.50317	0.00621921
465	1.32834	1.50279	0.00621719
466	1.45222	1.50269	0.0062048
467	1.53628	1.50276	0.00619193
468	1.40155	1.50254	0.00618247
469	1.56338	1.50267	0.00617065
470	1.19414	1.50201	0.00619234
471	1.40008	1.5018	0.00618298
472	1.66214	1.50214	0.0061792
473	1.58089	1.5023	0.00616838
474	1.4553	1.50221	0.00615616
475	1.44349	1.50208	0.00614444
476	1.6002	1.50229	0.00613499
477	1.35504	1.50198	0.00612989
478	1.50909	1.50199	0.00611709
479	1.45717	1.5019	0.00610503
480	1.67039	1.50225	0.0061024
481	1.49858	1.50224	0.00608971
482	1.34845	1.50193	0.00608543
483	1.56063	1.50205	0.00607405
484	1.45109	1.50194	0.00606241
485	1.75798	1.50247	0.00607285
486	1.71992	1.50292	0.00607682
487	1.45457	1.50282	0.00606515
488	1.62737	1.50307	0.00605809
489	1.4918	1.50305	0.00604575
490	1.61982	1.50329	0.0060381
491	1.47363	1.50323	0.00602611
492	1.46406	1.50315	0.00601438
493	1.39013	1.50292	0.00600655
494	1.68288	1.50328	0.00600543
495	1.53486	1.50335	0.00599364
496	1.3752	1.50309	0.00598712
497	1.62208	1.50333	0.00597986
498	1.61235	1.50355	0.00597186
499	1.52292	1.50359	0.00596001
500	1.30025	1.50318	0.00596195
501	1.38674	1.50295	0.00595458
502	1.28922	1.50252	0.00595792
503	1.54472	1.5026	0.00594666
504	1.21168	1.50203	0.00596281
505	1.42795	1.50188	0.00595281
506	1.29983	1.50148	0.00595442
507	1.52568	1.50153	0.00594287
508	1.37139	1.50127	0.00593669
509	1.52447	1.50132	0.0059252
510	1.54939	1.50141	0.00591433
511	1.61627	1.50164	0.00590703
512	1.52218	1.50168	0.00589563
513	1.3763	1.50143	0.0058892
514	1.33411	1.50111	0.00588673
515	1.50497	1.50112	0.00587531
516	1.56002	1.50123	0.00586503
517	1.54186	1.50131	0.00585421
518	1.45838	1.50123	0.0058435
519	1.41161	1.50105	0.00583479
520	1.40738	1.50087	0.00582635
521	1.66142	1.50118	0.00582331
522	1.76459	1.50169	0.00583397
523	1.48812	1.50166	0.00582288
524	1.20078	1.50108	0.00584001
525	1.38496	1.50086	0.00583307
526	1.34252	1.50056	0.00582974
527	1.48417	1.50053	0.00581876
528	1.67937	1.50087	0.00581759
529	1.44266	1.50076	0.00580764
530	1.55446	1.50086	0.00579756
531	1.66126	1.50116	0.00579451
532	1.54524	1.50125	0.00578421
533	1.37551	1.50101	0.00577817
534	1.55698	1.50112	0.0057683
535	1.45639	1.50103	0.00575812
536	1.33669	1.50073	0.00575553
537	1.4036	1.50054	0.00574766
538	1.42386	1.5004	0.00573874
539	1.55487	1.5005	0.00572898
540	1.51885	1.50054	0.00571848
541	1.55668	1.50064	0.00570885
542	1.38757	1.50043	0.00570212
543	1.35231	1.50016	0.00569814
544	1.48816	1.50014	0.00568771
545	1.44387	1.50003	0.00567821
546	1.48697	1.50001	0.00566786
547	1.68373	1.50035	0.00566744
548	1.47817	1.50031	0.00565725
549	1.43997	1.5002	0.00564801
550	1.52651	1.50024	0.00563794
551	1.44056	1.50014	0.00562875
552	1.72175	1.50054	0.00563285
553	1.60528	1.50073	0.00562585
554	1.68388	1.50106	0.0056254
555	1.42893	1.50093	0.00561677
556	1.3677	1.50069	0.00561177
557	1.90967	1.50142	0.00564953
558	1.44372	1.50132	0.00564035
559	1.42582	1.50118	0.00563188
560	1.4297	1.50106	0.00562327
561	1.67095	1.50136	0.00562139
562	1.53067	1.50141	0.00561163
563	1.58444	1.50156	0.0056036
564	1.44616	1.50146	0.00559453
565	1.62769	1.50168	0.00558909
566	1.54777	1.50176	0.00557981
567	1.51921	1.50179	0.00557005
568	1.66085	1.50207	0.00556728
569	1.58722	1.50222	0.0055595
570	1.58036	1.50236	0.00555144
571	1.36199	1.50212	0.00554716
572	1.17999	1.50155	0.00556597
573	1.33724	1.50127	0.00556364
574	1.45932	1.50119	0.00555443
575	1.7607	1.50164	0.00556307
576	1.39858	1.50147	0.00555629
577	1.33989	1.50119	0.00555372
578	1.29493	1.50083	0.00555556
579	1.45939	1.50076	0.00554643
580	1.34851	1.50049	0.00554307
581	1.31201	1.50017	0.00554301
582	1.73297	1.50057	0.0055479
583	1.33846	1.50029	0.00554535
584	1.40561	1.50013	0.00553823
585	1.42975	1.50001	0.00553007
586	1.38002	1.4998	0.00552442
587	1.43064	1.49969	0.00551626
588	1.4631	1.49962	0.00550723
589	1.45848	1.49955	0.00549833
590	1.64236	1.4998	0.00549433
591	1.41719	1.49966	0.00548681
592	1.528	1.4997	0.00547775
593	1.33246	1.49942	0.00547577
594	1.64071	1.49966	0.00547172
595	1.19085	1.49914	0.00548708
596	1.4138	1.499	0.00547974
597	1.3454	1.49874	0.0054766
598	1.35689	1.4985	0.00547258
599	1.69552	1.49883	0.00547331
600	1.36722	1.49861	0.00546859
601	1.47212	1.49857	0.00545966
602	1.4981	1.49857	0.00545059
603	1.73621	1.49896	0.00545578
604	1.38173	1.49877	0.0054502
605	1.50961	1.49879	0.00544122
606	1.55932	1.49889	0.00543316
607	1.71303	1.49924	0.00543565
608	1.27125	1.49886	0.00543963
609	1.52885	1.49891	0.00543092
610	1.42419	1.49879	0.0054234
611	1.50638	1.4988	0.00541454
612	1.40937	1.49866	0.00540766
613	1.47129	1.49861	0.00539903
614	1.37802	1.49842	0.0053938
615	1.46352	1.49836	0.00538533
616	1.46687	1.49831	0.00537683
617	1.48688	1.49829	0.00536815
618	1.55132	1.49838	0.00536015
619	1.31688	1.49808	0.0053595
620	1.46013	1.49802	0.00535121
621	1.54871	1.4981	0.00534321
622	1.91577	1.49877	0.00537665
623	1.41195	1.49864	0.00536983
624	1.39432	1.49847	0.00536382
625	1.50776	1.49848	0.00535526
626	1.44087	1.49839	0.0053475
627	1.4577	1.49833	0.00533936
628	1.41211	1.49819	0.00533263
629	1.47747	1.49816	0.00532425
630	1.54335	1.49823	0.00531628
631	1.50538	1.49824	0.00530787
632	1.52546	1.49828	0.00529964
633	1.37969	1.49809	0.00529458
634	1.39893	1.49794	0.00528854
635	1.58197	1.49807	0.00528187
636	1.56608	1.49818	0.00527465
637	1.59603	1.49833	0.0052686
638	1.48048	1.4983	0.00526042
639	1.48848	1.49829	0.00525221
640	1.38826	1.49812	0.00524681
641	1.36716	1.49791	0.00524261
642	1.32724	1.49765	0.00524118
643	1.43189	1.49754	0.00523402
644	1.5091	1.49756	0.00522592
645	1.28573	1.49723	0.00522813
646	1.36795	1.49703	0.00522387
647	1.68074	1.49732	0.00522351
648	1.53804	1.49738	0.00521582
649	1.65796	1.49763	0.00521365
650	1.37281	1.49743	0.00520917
651	1.39615	1.49728	0.00520349
652	1.52603	1.49732	0.00519569
653	1.47827	1.49729	0.00518782
654	1.46113	1.49724	0.00518018
655	1.53266	1.49729	0.00517255
656	1.50075	1.4973	0.00516467
657	1.63739	1.49751	0.00516121
658	1.52457	1.49755	0.00515353
659	1.37725	1.49737	0.00514894
660	1.46014	1.49731	0.00514145
661	1.66195	1.49756	0.0051397
662	1.49613	1.49756	0.00513194
663	1.58556	1.49769	0.00512591
664	1.44252	1.49761	0.00511887
665	1.38559	1.49744	0.00511394
666	1.3901	1.49728	0.0051088
667	1.4461	1.4972	0.00510172
668	1.46337	1.49715	0.00509433
669	1.52385	1.49719	0.00508687
670	1.52452	1.49723	0.00507944
671	1.75427	1.49762	0.0050863
672	1.55911	1.49771	0.00507955
673	1.49846	1.49771	0.005072
674	1.88702	1.49829	0.00509726
675	1.42399	1.49818	0.0050909
676	1.8636	1.49872	0.00511199
677	1.57306	1.49883	0.00510562
678	1.49439	1.49882	0.00509809
679	1.40564	1.49868	0.00509243
680	1.53652	1.49874	0.00508524
681	1.5072	1.49875	0.00507779
682	1.36287	1.49855	0.00507425
683	1.54966	1.49863	0.00506738
684	1.2151	1.49821	0.00507689
685	1.26384	1.49787	0.005081
686	1.3182	1.49761	0.00508034
687	1.46549	1.49756	0.00507316
688	1.45306	1.4975	0.0050662
689	1.55969	1.49759	0.00505965
690	1.44344	1.49751	0.00505292
691	1.36771	1.49732	0.0050491
692	1.31476	1.49706	0.00504869
693	1.82415	1.49753	0.00506342
694	1.44088	1.49745	0.00505678
695	1.29082	1.49715	0.00505824
696	1.53312	1.4972	0.00505124
697	1.41434	1.49708	0.00504539
698	1.74264	1.49744	0.00505041
699	1.6698	1.49768	0.0050492
700	1.36894	1.4975	0.00504534
701	1.32288	1.49725	0.00504429
702	1.48442	1.49723	0.00503713
703	1.50832	1.49725	0.00502999
704	1.6427	1.49745	0.00502709
705	1.55387	1.49753	0.0050206
706	1.54456	1.4976	0.00501393
707	1.14624	1.4971	0.0050314
708	1.32394	1.49686	0.00503024
709	1.66551	1.4971	0.00502876
710	1.6815	1.49736	0.00502838
711	1.72148	1.49767	0.00503118
712	1.5196	1.4977	0.00502421
713	1.53189	1.49775	0.00501739
714	1.64355	1.49795	0.00501452
715	1.47328	1.49792	0.00500763
716	1.38588	1.49776	0.00500308
717	1.3723	1.49759	0.00499916
718	1.51412	1.49761	0.00499225
719	1.37943	1.49745	0.00498801
720	1.47733	1.49742	0.00498116
721	1.35356	1.49722	0.00497825
722	1.68892	1.49748	0.00497843
723	1.46686	1.49744	0.00497172
724	1.42157	1.49734	0.00496596
725	1.35304	1.49714	0.0049631
726	1.45053	1.49707	0.00495667
727	1.63235	1.49726	0.00495335
728	1.21119	1.49687	0.00496211
729	1.50609	1.49688	0.00495531
730	1.39286	1.49674	0.00495057
731	1.42399	1.49664	0.0049448
732	1.54118	1.4967	0.00493842
733	1.5294	1.49674	0.00493189
734	1.59061	1.49687	0.00492682
735	1.76102	1.49723	0.00493321
736	1.67377	1.49747	0.00493234
737	1.36344	1.49729	0.004929
738	1.56395	1.49738	0.00492315
739	1.54149	1.49744	0.00491684
740	1.49252	1.49743	0.00491021
741	1.69881	1.4977	0.00491109
742	1.32355	1.49747	0.00491008
743	1.59378	1.4976	0.00490518
744	1.51758	1.49763	0.00489866
745	1.76616	1.49799	0.00490533
746	1.49684	1.49798	0.00489876
747	1.3743	1.49782	0.004895
748	1.63704	1.498	0.00489199
749	1.44692	1.49794	0.00488593
750	1.49286	1.49793	0.00487942
751	1.57162	1.49803	0.00487391
752	1.47495	1.498	0.00486753
753	1.43232	1.49791	0.00486185
754	1.68204	1.49815	0.00486153
755	1.48044	1.49813	0.00485514
756	1.55046	1.4982	0.00484921
757	1.81964	1.49862	0.00486136
758	1.59106	1.49875	0.00485648
759	1.72229	1.49904	0.004859
760	1.55498	1.49911	0.00485317
761	1.55864	1.49919	0.00484742
762	1.38779	1.49905	0.00484326
763	1.39244	1.49891	0.00483893
764	1.56939	1.499	0.00483348
765	1.54231	1.49906	0.00482749
766	1.5136	1.49907	0.00482123
767	1.5811	1.49918	0.00481613
768	1.30701	1.49893	0.00481635
769	1.42294	1.49883	0.0048111
770	1.40862	1.49872	0.00480628
771	1.41036	1.4986	0.00480141
772	1.54899	1.49867	0.00479564
773	1.55912	1.49874	0.00479007
774	1.35879	1.49856	0.00478729
775	1.52561	1.4986	0.00478124
776	1.58863	1.49871	0.00477649
777	1.60075	1.49885	0.00477215
778	1.73706	1.49915	0.00477582
779	1.43764	1.49907	0.00477035
780	1.4201	1.49897	0.00476531
781	1.63547	1.49915	0.00476241
782	1.41231	1.49904	0.00475761
783	1.28204	1.49876	0.0047596
784	1.59798	1.49889	0.00475521
785	1.5409	1.49894	0.00474946
786	1.5159	1.49896	0.00474346
787	1.64276	1.49914	0.00474095
788	1.46154	1.4991	0.00473518
789	1.73428	1.49939	0.00473855
790	1.46827	1.49935	0.00473271
791	1.26844	1.49906	0.00473572
792	1.53282	1.4991	0.00472994
793	1.50265	1.49911	0.00472397
794	1.50107	1.49911	0.00471803
795	1.52279	1.49914	0.00471218
796	1.73817	1.49944	0.00471582
797	1.38217	1.49929	0.0047122
798	1.45366	1.49924	0.00470664
799	1.373	1.49908	0.0047034
800	1.63582	1.49925	0.00470063
801	1.43779	1.49917	0.00469539
802	1.54223	1.49923	0.00468984
803	1.41985	1.49913	0.00468504
804	1.44097	1.49906	0.00467977
805	1.47549	1.49903	0.00467405
806	1.77747	1.49937	0.004681
807	1.55014	1.49944	0.00467562
808	1.32716	1.49922	0.00467469
809	1.84261	1.49965	0.00468815
810	1.31316	1.49942	0.00468801
811	1.6509	1.4996	0.00468595
812	1.48468	1.49958	0.00468021
813	1.53954	1.49963	0.00467471
814	1.45481	1.49958	0.00466929
815	1.39838	1.49945	0.00466522
816	1.45666	1.4994	0.00465979
817	1.57737	1.4995	0.00465507
818	1.33134	1.49929	0.00465391
819	1.40642	1.49918	0.00464961
820	1.36879	1.49902	0.00464666
821	1.28538	1.49876	0.00464828
822	1.58498	1.49886	0.00464381
823	1.53435	1.49891	0.00463837
824	1.62976	1.49907	0.00463546
825	1.34231	1.49888	0.00463373
826	1.72283	1.49915	0.00463605
827	1.44625	1.49908	0.00463088
828	1.49497	1.49908	0.00462529
829	1.5413	1.49913	0.00461999
830	1.44618	1.49907	0.00461487
831	1.56695	1.49915	0.00461004
832	1.59504	1.49926	0.00460594
833	1.63331	1.49942	0.00460322
834	1.52086	1.49945	0.00459777
835	1.75218	1.49975	0.00460221
836	1.5044	1.49976	0.00459671
837	1.52179	1.49978	0.0045913
838	1.66434	1.49998	0.00459001
839	1.47753	1.49995	0.00458462
840	1.71483	1.50021	0.00458629
841	1.46228	1.50016	0.00458106
842	1.44917	1.5001	0.00457602
843	1.53313	1.50014	0.00457076
844	1.46796	1.5001	0.00456551
845	1.32541	1.4999	0.00456478
846	1.50667	1.49991	0.00455939
847	1.40052	1.49979	0.00455552
848	1.57141	1.49987	0.00455093
849	1.78791	1.50021	0.0045582
850	1.39679	1.50009	0.00455446
851	1.38589	1.49996	0.00455108
852	1.49381	1.49995	0.00454575
853	1.7512	1.50024	0.00454995
854	1.35023	1.50007	0.00454801
855	1.52132	1.50009	0.00454276
856	1.52525	1.50012	0.00453755
857	1.29064	1.49988	0.00453883
858	1.60303	1.5	0.00453514
859	1.71797	1.50025	0.00453695
860	1.55864	1.50032	0.00453218
861	1.60114	1.50044	0.00452843
862	1.22079	1.50011	0.00453478
863	1.49452	1.50011	0.00452953
864	1.50462	1.50011	0.00452429
865	1.52866	1.50014	0.00451918
866	1.69077	1.50036	0.00451932
867	1.4832	1.50034	0.00451415
868	1.5798	1.50044	0.00450988
869	1.51006	1.50045	0.00450471
870	1.28795	1.5002	0.00450614
871	1.48089	1.50018	0.00450103
872	1.49469	1.50017	0.00449587
873	1.50713	1.50018	0.00449073
874	1.70239	1.50041	0.00449154
875	1.24553	1.50012	0.00449585
876	1.39777	1.50001	0.00449223
877	1.429	1.49992	0.00448784
878	1.48249	1.4999	0.00448277
879	1.51939	1.49993	0.00447773
880	1.43637	1.49985	0.00447322
881	1.57695	1.49994	0.004469
882	1.34205	1.49976	0.00446752
883	1.53246	1.4998	0.00446261
884	1.4003	1.49969	0.00445898
885	1.45569	1.49964	0.00445422
886	1.32982	1.49945	0.00445331
887	1.50274	1.49945	0.0044483
888	1.34849	1.49928	0.00444653
889	1.45726	1.49923	0.00444178
890	1.3854	1.4991	0.00443863
891	1.48893	1.49909	0.00443367
892	1.60063	1.49921	0.00443016
893	1.512	1.49922	0.00442522
894	1.35925	1.49906	0.00442304
895	1.95127	1.49957	0.00444686
896	1.4532	1.49952	0.0044422
897	1.47833	1.49949	0.00443731
898	1.50737	1.4995	0.00443238
899	1.64983	1.49967	0.0044306
900	1.38284	1.49954	0.00442758
901	1.52658	1.49957	0.00442277
902	1.5681	1.49965	0.00441851
903	1.38912	1.49952	0.00441532
904	1.60713	1.49964	0.00441204
905	1.28022	1.4994	0.00441382
906	1.4701	1.49937	0.00440907
907	1.36576	1.49922	0.00440666
908	1.37153	1.49908	0.00440405
909	1.35794	1.49893	0.00440195
910	1.35956	1.49877	0.00439977
911	1.59541	1.49888	0.00439622
912	1.61129	1.499	0.00439313
913	1.57717	1.49909	0.00438915
914	1.47867	1.49906	0.00438441
915	1.32373	1.49887	0.0043838
916	1.28936	1.49864	0.00438498
917	1.66208	1.49882	0.00438381
918	1.39384	1.49871	0.00438053
919	1.50098	1.49871	0.00437576
920	1.42728	1.49863	0.0043717
921	1.57883	1.49872	0.00436782
922	1.41453	1.49863	0.00436403
923	1.64103	1.49878	0.00436203
924	1.47147	1.49875	0.00435741
925	1.40276	1.49865	0.00435394
926	1.32401	1.49846	0.00435332
927	1.42076	1.49838	0.00434943
928	1.41914	1.49829	0.00434558
929	1.62937	1.49843	0.00434319
930	1.58879	1.49853	0.00433961
931	1.47816	1.49851	0.004335
932	1.51955	1.49853	0.00433041
933	1.58547	1.49862	0.00432677
934	1.60477	1.49874	0.00432363
935	1.48009	1.49872	0.00431905
936	1.4548	1.49867	0.00431469
937	1.35281	1.49852	0.0043129
938	1.47	1.49848	0.0043084
939	1.55696	1.49855	0.00430427
940	1.57338	1.49863	0.00430042
941	1.43863	1.49856	0.00429633
942	1.66252	1.49874	0.00429529
943	1.50984	1.49875	0.00429075
944	1.39542	1.49864	0.0042876
945	1.39419	1.49853	0.00428449
946	1.42453	1.49845	0.00428067
947	1.70143	1.49866	0.00428152
948	1.39494	1.49856	0.0042784
949	1.32187	1.49837	0.00427794
950	1.62262	1.4985	0.00427543
951	1.42675	1.49842	0.0042716
952	1.46968	1.49839	0.00426722
953	1.55227	1.49845	0.00426312
954	1.49307	1.49845	0.00425866
955	1.57376	1.49852	0.00425493
956	1.63178	1.49866	0.00425276
957	1.45343	1.49862	0.00424858
958	1.65251	1.49878	0.00424718
959	1.35324	1.49863	0.00424546
960	1.45992	1.49858	0.00424123
961	1.57332	1.49866	0.00423753
962	1.59527	1.49876	0.00423431
963	1.51963	1.49878	0.00422997
964	1.20204	1.49848	0.00423677
965	1.2226	1.49819	0.00424201
966	1.43727	1.49813	0.00423809
967	1.52086	1.49815	0.00423377
968	1.70548	1.49837	0.00423481
969	1.36881	1.49823	0.00423255
970	1.49115	1.49822	0.0042282
971	1.54016	1.49827	0.00422406
972	1.47162	1.49824	0.00421981
973	1.52457	1.49827	0.00421556
974	1.32849	1.49809	0.00421483
975	1.38843	1.49798	0.00421201
976	1.54878	1.49803	0.00420801
977	1.41583	1.49795	0.00420455
978	1.39829	1.49785	0.00420148
979	1.81255	1.49817	0.00420947
980	1.53562	1.49821	0.00420535
981	1.31299	1.49802	0.0042053
982	1.49477	1.49801	0.00420102
983	1.65941	1.49818	0.00419995
984	1.48003	1.49816	0.00419572
985	1.4851	1.49815	0.00419148
986	1.66586	1.49832	0.00419068
987	1.59318	1.49841	0.00418754
988	1.37238	1.49829	0.00418524
989	1.28441	1.49807	0.00418659
990	1.33587	1.49791	0.00418557
991	1.52621	1.49793	0.00418144
992	1.32849	1.49776	0.00418072
993	1.59837	1.49786	0.00417773
994	1.59569	1.49796	0.00417469
995	1.72493	1.49819	0.00417672
996	1.38421	1.49808	0.0041741
997	1.74657	1.49833	0.00417734
998	1.41941	1.49825	0.00417391
999	1.92568	1.49867	0.0041916
1000	1.5111	1.49869	0.00418743
