#	BLOCK:	ACTUAL_T:	T_AVE:	ERROR:
	1	0.460682	0.460682	0
	2	0.464006	0.462344	0.00117514
	3	0.461842	0.462177	0.00079525
	4	0.459114	0.461411	0.00089193
	5	0.462013	0.461531	0.000721628
	6	0.460317	0.461329	0.000629103
	7	0.46589	0.46198	0.000809105
	8	0.459849	0.461714	0.00075055
	9	0.462636	0.461816	0.000674104
	10	0.462255	0.46186	0.00060812
	11	0.459133	0.461612	0.000601245
	12	0.465256	0.461916	0.000623094
	13	0.458377	0.461644	0.000631842
	14	0.467399	0.462055	0.000707918
	15	0.458328	0.461806	0.00070297
	16	0.459865	0.461685	0.000669422
	17	0.459119	0.461534	0.000646843
	18	0.462023	0.461561	0.000611478
	19	0.458005	0.461374	0.000607261
	20	0.463349	0.461473	0.000584873
	21	0.461527	0.461476	0.000557028
	22	0.463792	0.461581	0.000541569
	23	0.462033	0.4616	0.000518379
	24	0.458503	0.461471	0.000512594
	25	0.465387	0.461628	0.000515463
	26	0.462194	0.46165	0.000496097
	27	0.463488	0.461718	0.00048237
	28	0.457516	0.461568	0.000487926
	29	0.463414	0.461631	0.000475236
	30	0.459575	0.461563	0.000464312
	31	0.460424	0.461526	0.000450787
	32	0.463967	0.461602	0.000443106
	33	0.464401	0.461687	0.000437716
	34	0.454229	0.461468	0.000476644
	35	0.462391	0.461494	0.000463755
	36	0.458114	0.4614	0.000460279
	37	0.46502	0.461498	0.000458117
	38	0.459882	0.461456	0.00044803
	39	0.460408	0.461429	0.000437347
	40	0.463078	0.46147	0.000428353
	41	0.460312	0.461442	0.000418835
	42	0.460657	0.461423	0.00040928
	43	0.459849	0.461387	0.000401396
	44	0.460907	0.461376	0.000392422
	45	0.462935	0.46141	0.000385228
	46	0.457468	0.461325	0.000386266
	47	0.463247	0.461365	0.000380207
	48	0.458792	0.461312	0.000376047
	49	0.459791	0.461281	0.000369652
	50	0.463634	0.461328	0.000365243
	51	0.462128	0.461344	0.000358418
	52	0.461824	0.461353	0.000351644
	53	0.461645	0.461358	0.000345053
	54	0.458896	0.461313	0.000341662
	55	0.465217	0.461384	0.000342746
	56	0.45884	0.461338	0.000339622
	57	0.460681	0.461327	0.00033386
	58	0.462969	0.461355	0.000329302
	59	0.460177	0.461335	0.000324325
	60	0.462314	0.461351	0.00031933
	61	0.464015	0.461395	0.000317066
	62	0.459385	0.461363	0.000313605
	63	0.46333	0.461394	0.000310178
	64	0.463499	0.461427	0.000307071
	65	0.456582	0.461352	0.000311261
	66	0.464223	0.461396	0.00030957
	67	0.460361	0.46138	0.000305335
	68	0.464053	0.46142	0.000303363
	69	0.461279	0.461418	0.000298973
	70	0.460803	0.461409	0.000294831
	71	0.462071	0.461418	0.000290826
	72	0.461232	0.461416	0.000286798
	73	0.461105	0.461411	0.000282901
	74	0.464152	0.461448	0.000281492
	75	0.460663	0.461438	0.000277933
	76	0.463282	0.461462	0.000275334
	77	0.458919	0.461429	0.000273731
	78	0.462479	0.461443	0.000270553
	79	0.462809	0.46146	0.00026768
	80	0.457701	0.461413	0.000268427
	81	0.462548	0.461427	0.000265478
	82	0.463849	0.461456	0.000263879
	83	0.459504	0.461433	0.000261746
	84	0.461331	0.461432	0.000258633
	85	0.463135	0.461452	0.000256365
	86	0.458759	0.46142	0.000255289
	87	0.460617	0.461411	0.000252522
	88	0.461916	0.461417	0.000249718
	89	0.460826	0.46141	0.000247
	90	0.460431	0.461399	0.000244495
	91	0.462494	0.461411	0.000242104
	92	0.460914	0.461406	0.000239533
	93	0.461802	0.46141	0.000236995
	94	0.463739	0.461435	0.000235764
	95	0.457232	0.461391	0.000237398
	96	0.461809	0.461395	0.000234965
	97	0.462399	0.461405	0.00023277
	98	0.462121	0.461413	0.000230509
	99	0.465862	0.461458	0.000232521
	100	0.460263	0.461446	0.000230502
	101	0.460464	0.461436	0.000228425
	102	0.459664	0.461419	0.000226846
	103	0.461816	0.461423	0.000224676
	104	0.464259	0.46145	0.000224165
	105	0.460036	0.461436	0.000222434
	106	0.459264	0.461416	0.000221278
	107	0.465486	0.461454	0.000222456
	108	0.457912	0.461421	0.000222799
	109	0.46339	0.461439	0.000221486
	110	0.464485	0.461467	0.000221197
	111	0.45951	0.461449	0.000219905
	112	0.461701	0.461451	0.000217953
	113	0.463317	0.461468	0.000216649
	114	0.459615	0.461452	0.000215358
	115	0.46534	0.461486	0.000216123
	116	0.46461	0.461512	0.000215931
	117	0.458088	0.461483	0.000216061
	118	0.460143	0.461472	0.000214528
	119	0.468867	0.461534	0.000221543
	120	0.455943	0.461487	0.000224543
	121	0.461001	0.461483	0.000222723
	122	0.462778	0.461494	0.00022115
	123	0.462146	0.461499	0.000219416
	124	0.462597	0.461508	0.000217825
	125	0.45873	0.461486	0.000217213
	126	0.463202	0.4615	0.000215916
	127	0.461129	0.461497	0.000214236
	128	0.462453	0.461504	0.000212692
	129	0.46287	0.461515	0.000211307
	130	0.459622	0.4615	0.000210182
	131	0.464789	0.461525	0.000210072
	132	0.4604	0.461517	0.000208654
	133	0.460562	0.46151	0.000207208
	134	0.458272	0.461485	0.000207066
	135	0.466159	0.46152	0.000208406
	136	0.459095	0.461502	0.000207634
	137	0.465114	0.461529	0.000207786
	138	0.458919	0.46151	0.000207139
	139	0.465373	0.461537	0.000207505
	140	0.455865	0.461497	0.00020994
	141	0.461417	0.461496	0.000208452
	142	0.4617	0.461498	0.000206989
	143	0.465509	0.461526	0.000207433
	144	0.461571	0.461526	0.000205993
	145	0.45689	0.461494	0.000207038
	146	0.466146	0.461526	0.000208057
	147	0.461967	0.461529	0.000206664
	148	0.457855	0.461504	0.000206753
	149	0.466529	0.461538	0.000208097
	150	0.462372	0.461543	0.000206784
	151	0.460368	0.461536	0.000205561
	152	0.458631	0.461517	0.000205095
	153	0.460572	0.46151	0.000203847
	154	0.464267	0.461528	0.000203308
	155	0.457644	0.461503	0.000203535
	156	0.465239	0.461527	0.000203635
	157	0.46118	0.461525	0.000202349
	158	0.46245	0.461531	0.000201154
	159	0.459991	0.461521	0.000200121
	160	0.461651	0.461522	0.000198872
	161	0.4625	0.461528	0.00019773
	162	0.456093	0.461494	0.000199335
	163	0.462334	0.4615	0.000198179
	164	0.465754	0.461526	0.000198661
	165	0.457133	0.461499	0.000199233
	166	0.466504	0.461529	0.000200301
	167	0.45671	0.4615	0.00020117
	168	0.462099	0.461504	0.000200004
	169	0.46137	0.461503	0.000198822
	170	0.463907	0.461517	0.000198155
	171	0.461594	0.461518	0.000196997
	172	0.461182	0.461516	0.000195861
	173	0.460979	0.461513	0.000194753
	174	0.463869	0.461526	0.000194104
	175	0.463939	0.46154	0.000193484
	176	0.458729	0.461524	0.000193043
	177	0.463247	0.461534	0.000192198
	178	0.461721	0.461535	0.000191121
	179	0.459283	0.461522	0.000190467
	180	0.462069	0.461525	0.000189433
	181	0.457652	0.461504	0.000189591
	182	0.463041	0.461512	0.000188737
	183	0.463255	0.461522	0.000187946
	184	0.458871	0.461507	0.000187476
	185	0.462051	0.46151	0.000186486
	186	0.459994	0.461502	0.000185661
	187	0.459401	0.461491	0.000185008
	188	0.463938	0.461504	0.000184481
	189	0.46013	0.461497	0.000183648
	190	0.461541	0.461497	0.000182682
	191	0.458775	0.461483	0.00018228
	192	0.462931	0.46149	0.000181487
	193	0.460403	0.461485	0.000180634
	194	0.460929	0.461482	0.000179725
	195	0.45874	0.461468	0.000179353
	196	0.4664	0.461493	0.000180194
	197	0.458231	0.461476	0.000180039
	198	0.464741	0.461493	0.000179883
	199	0.461284	0.461492	0.000178982
	200	0.462453	0.461496	0.000178152
	201	0.462481	0.461501	0.000177333
	202	0.458758	0.461488	0.000176974
	203	0.46199	0.46149	0.000176119
	204	0.463229	0.461499	0.000175462
	205	0.458811	0.461486	0.000175095
	206	0.457297	0.461465	0.000175422
	207	0.464516	0.46148	0.000175192
	208	0.460526	0.461475	0.00017441
	209	0.459236	0.461465	0.000173905
	210	0.46131	0.461464	0.000173078
	211	0.461532	0.461464	0.000172258
	212	0.46235	0.461469	0.000171496
	213	0.460871	0.461466	0.000170714
	214	0.464534	0.46148	0.000170517
	215	0.456586	0.461457	0.000171237
	216	0.463874	0.461468	0.000170809
	217	0.458588	0.461455	0.000170537
	218	0.463567	0.461465	0.000170029
	219	0.46357	0.461474	0.000169525
	220	0.457751	0.461458	0.000169597
	221	0.462267	0.461461	0.000168869
	222	0.460471	0.461457	0.000168167
	223	0.46448	0.46147	0.000167959
	224	0.459968	0.461464	0.000167343
	225	0.45868	0.461451	0.000167056
	226	0.464879	0.461466	0.000167004
	227	0.455769	0.461441	0.000168143
	228	0.460783	0.461438	0.000167431
	229	0.463619	0.461448	0.00016697
	230	0.458365	0.461435	0.000166781
	231	0.463247	0.461442	0.000166244
	232	0.465044	0.461458	0.000166251
	233	0.458636	0.461446	0.000165977
	234	0.459962	0.461439	0.000165389
	235	0.464611	0.461453	0.000165235
	236	0.457152	0.461435	0.000165537
	237	0.465041	0.46145	0.000165536
	238	0.459613	0.461442	0.000165021
	239	0.461543	0.461443	0.000164331
	240	0.462217	0.461446	0.000163678
	241	0.459762	0.461439	0.000163147
	242	0.466023	0.461458	0.000163569
	243	0.458635	0.461446	0.000163308
	244	0.460591	0.461443	0.000162677
	245	0.463128	0.46145	0.000162158
	246	0.461248	0.461449	0.000161501
	247	0.455747	0.461426	0.000162488
	248	0.467625	0.461451	0.000163745
	249	0.458891	0.46144	0.00016341
	250	0.46319	0.461447	0.000162906
	251	0.461776	0.461449	0.000162262
	252	0.461198	0.461448	0.000161621
	253	0.460151	0.461443	0.000161064
	254	0.467727	0.461467	0.000162319
	255	0.458725	0.461457	0.000162038
	256	0.461203	0.461456	0.000161408
	257	0.457538	0.46144	0.000161498
	258	0.465305	0.461455	0.000161565
	259	0.46047	0.461452	0.000160986
	260	0.464592	0.461464	0.00016082
	261	0.461645	0.461464	0.000160205
	262	0.461454	0.461464	0.000159593
	263	0.45767	0.46145	0.000159638
	264	0.463177	0.461456	0.000159167
	265	0.461425	0.461456	0.000158566
	266	0.465694	0.461472	0.000158769
	267	0.463201	0.461479	0.000158306
	268	0.455618	0.461457	0.000159219
	269	0.4661	0.461474	0.00015956
	270	0.461888	0.461476	0.000158976
	271	0.458137	0.461463	0.000158866
	272	0.468767	0.46149	0.000160535
	273	0.4526	0.461458	0.000163217
	274	0.464596	0.461469	0.000163023
	275	0.456089	0.461449	0.000163599
	276	0.467926	0.461473	0.000164681
	277	0.456961	0.461457	0.00016489
	278	0.46489	0.461469	0.000164759
	279	0.457111	0.461453	0.000164907
	280	0.459426	0.461446	0.000164477
	281	0.466068	0.461463	0.000164712
	282	0.457847	0.46145	0.000164626
	283	0.464846	0.461462	0.000164481
	284	0.460834	0.46146	0.000163917
	285	0.460838	0.461457	0.000163356
	286	0.459246	0.46145	0.000162968
	287	0.462649	0.461454	0.000162453
	288	0.463886	0.461462	0.000162109
	289	0.459343	0.461455	0.000161714
	290	0.461743	0.461456	0.000161159
	291	0.467663	0.461477	0.000162011
	292	0.455115	0.461455	0.000162914
	293	0.464199	0.461465	0.000162627
	294	0.461476	0.461465	0.000162074
	295	0.463306	0.461471	0.000161645
	296	0.458969	0.461463	0.000161319
	297	0.460216	0.461458	0.000160831
	298	0.463722	0.461466	0.000160471
	299	0.460409	0.461463	0.000159973
	300	0.459734	0.461457	0.000159543
	301	0.464184	0.461466	0.00015927
	302	0.466309	0.461482	0.000159548
	303	0.455724	0.461463	0.000160149
	304	0.464759	0.461474	0.000159989
	305	0.457541	0.461461	0.000159983
	306	0.46329	0.461467	0.000159572
	307	0.458949	0.461459	0.000159263
	308	0.465957	0.461473	0.000159414
	309	0.462027	0.461475	0.000158908
	310	0.461573	0.461475	0.000158396
	311	0.461405	0.461475	0.000157887
	312	0.463374	0.461481	0.000157498
	313	0.46146	0.461481	0.000156995
	314	0.461747	0.461482	0.000156497
	315	0.463386	0.461488	0.000156117
	316	0.454717	0.461467	0.000157086
	317	0.465467	0.461479	0.000157097
	318	0.462066	0.461481	0.000156614
	319	0.458097	0.46147	0.000156482
	320	0.459445	0.461464	0.00015612
	321	0.46202	0.461466	0.000155644
	322	0.465124	0.461477	0.000155575
	323	0.456839	0.461463	0.000155754
	324	0.465531	0.461475	0.000155779
	325	0.460332	0.461472	0.000155339
	326	0.464559	0.461481	0.000155151
	327	0.457473	0.461469	0.00015516
	328	0.462303	0.461472	0.000154708
	329	0.459637	0.461466	0.000154338
	330	0.464839	0.461476	0.000154208
	331	0.458964	0.461469	0.000153929
	332	0.461184	0.461468	0.000153468
	333	0.459575	0.461462	0.000153112
	334	0.462666	0.461466	0.000152696
	335	0.460239	0.461462	0.000152284
	336	0.464027	0.46147	0.000152022
	337	0.459933	0.461465	0.00015164
	338	0.457759	0.461454	0.000151587
	339	0.460378	0.461451	0.000151173
	340	0.460845	0.461449	0.000150739
	341	0.462567	0.461452	0.000150332
	342	0.459708	0.461447	0.000149979
	343	0.462658	0.461451	0.000149584
	344	0.459036	0.461444	0.000149313
	345	0.464027	0.461451	0.000149068
	346	0.460988	0.46145	0.000148643
	347	0.462008	0.461452	0.000148224
	348	0.463318	0.461457	0.000147895
	349	0.460424	0.461454	0.000147501
	350	0.464683	0.461463	0.000147367
	351	0.45793	0.461453	0.000147291
	352	0.460335	0.46145	0.000146907
	353	0.462886	0.461454	0.000146547
	354	0.459377	0.461448	0.00014625
	355	0.459826	0.461444	0.00014591
	356	0.463624	0.46145	0.000145628
	357	0.45737	0.461438	0.000145668
	358	0.46288	0.461442	0.000145317
	359	0.460713	0.46144	0.000144926
	360	0.462289	0.461443	0.000144543
	361	0.462917	0.461447	0.0001442
	362	0.465417	0.461458	0.000144219
	363	0.454548	0.461439	0.000145072
	364	0.461071	0.461438	0.000144677
	365	0.465383	0.461449	0.000144684
	366	0.460712	0.461447	0.000144302
	367	0.461497	0.461447	0.000143909
	368	0.465845	0.461459	0.000144014
	369	0.459172	0.461452	0.000143757
	370	0.463814	0.461459	0.00014351
	371	0.461613	0.461459	0.000143124
	372	0.461187	0.461458	0.000142741
	373	0.461627	0.461459	0.000142359
	374	0.465041	0.461469	0.0001423
	375	0.458635	0.461461	0.000142121
	376	0.457743	0.461451	0.000142087
	377	0.464266	0.461459	0.000141906
	378	0.455117	0.461442	0.000142518
	379	0.466929	0.461456	0.000142876
	380	0.463485	0.461462	0.0001426
	381	0.457326	0.461451	0.000142638
	382	0.465587	0.461462	0.000142675
	383	0.45914	0.461455	0.000142431
	384	0.461254	0.461455	0.000142061
	385	0.457625	0.461445	0.00014204
	386	0.468273	0.461463	0.000142769
	387	0.459733	0.461458	0.00014247
	388	0.458684	0.461451	0.000142282
	389	0.464253	0.461458	0.000142099
	390	0.463654	0.461464	0.000141846
	391	0.461268	0.461463	0.000141484
	392	0.459472	0.461458	0.000141214
	393	0.463533	0.461464	0.000140954
	394	0.459366	0.461458	0.000140696
	395	0.461332	0.461458	0.000140341
	396	0.465358	0.461468	0.000140331
	397	0.460658	0.461466	0.000139993
	398	0.464353	0.461473	0.000139829
	399	0.459607	0.461468	0.000139556
	400	0.462008	0.46147	0.000139214
	401	0.460774	0.461468	0.000138878
	402	0.461269	0.461467	0.000138533
	403	0.460415	0.461465	0.000138214
	404	0.462281	0.461467	0.000137887
	405	0.462979	0.461471	0.000137597
	406	0.460757	0.461469	0.000137269
	407	0.459127	0.461463	0.000137052
	408	0.456359	0.461451	0.000137286
	409	0.46055	0.461448	0.000136968
	410	0.462538	0.461451	0.00013666
	411	0.462641	0.461454	0.000136358
	412	0.461723	0.461455	0.000136029
	413	0.459486	0.46145	0.000135783
	414	0.464713	0.461458	0.000135683
	415	0.459302	0.461453	0.000135456
	416	0.462204	0.461454	0.000135142
	417	0.458641	0.461448	0.000134987
	418	0.460177	0.461445	0.000134698
	419	0.460981	0.461443	0.000134381
	420	0.460878	0.461442	0.000134068
	421	0.465158	0.461451	0.000134039
	422	0.459737	0.461447	0.000133783
	423	0.460947	0.461446	0.000133472
	424	0.4617	0.461446	0.000133159
	425	0.464118	0.461453	0.000132994
	426	0.45788	0.461444	0.000132946
	427	0.460974	0.461443	0.000132639
	428	0.463283	0.461447	0.000132399
	429	0.459314	0.461442	0.000132183
	430	0.46163	0.461443	0.000131877
	431	0.461084	0.461442	0.000131573
	432	0.464408	0.461449	0.000131448
	433	0.462361	0.461451	0.000131161
	434	0.461007	0.46145	0.000130863
	435	0.466888	0.461462	0.000131158
	436	0.463923	0.461468	0.000130978
	437	0.456399	0.461456	0.000131191
	438	0.461168	0.461456	0.000130893
	439	0.461595	0.461456	0.000130596
	440	0.460017	0.461453	0.00013034
	441	0.461243	0.461452	0.000130045
	442	0.459158	0.461447	0.000129854
	443	0.465841	0.461457	0.00012994
	444	0.459692	0.461453	0.000129708
	445	0.461526	0.461453	0.000129416
	446	0.456759	0.461443	0.000129553
	447	0.46348	0.461447	0.000129344
	448	0.462589	0.46145	0.00012908
	449	0.461506	0.46145	0.000128793
	450	0.460387	0.461448	0.000128528
	451	0.460024	0.461445	0.000128282
	452	0.463326	0.461449	0.000128066
	453	0.462821	0.461452	0.000127819
	454	0.457992	0.461444	0.000127764
	455	0.465383	0.461453	0.000127776
	456	0.462556	0.461455	0.000127519
	457	0.465272	0.461464	0.000127513
	458	0.458491	0.461457	0.0001274
	459	0.459879	0.461454	0.000127169
	460	0.465389	0.461462	0.00012718
	461	0.459217	0.461457	0.000126997
	462	0.464654	0.461464	0.000126911
	463	0.458926	0.461459	0.000126755
	464	0.46253	0.461461	0.000126503
	465	0.460592	0.461459	0.000126244
	466	0.464705	0.461466	0.000126165
	467	0.459103	0.461461	0.000125997
	468	0.459211	0.461456	0.000125819
	469	0.461658	0.461457	0.000125552
	470	0.463186	0.46146	0.000125338
	471	0.463064	0.461464	0.000125119
	472	0.458518	0.461458	0.000125009
	473	0.461553	0.461458	0.000124745
	474	0.464245	0.461464	0.00012462
	475	0.458922	0.461458	0.000124473
	476	0.463271	0.461462	0.000124269
	477	0.458102	0.461455	0.000124208
	478	0.466808	0.461466	0.000124452
	479	0.461743	0.461467	0.000124194
	480	0.461507	0.461467	0.000123935
	481	0.458332	0.46146	0.000123849
	482	0.465681	0.461469	0.000123901
	483	0.459733	0.461466	0.000123697
	484	0.459721	0.461462	0.000123494
	485	0.461356	0.461462	0.000123239
	486	0.461591	0.461462	0.000122986
	487	0.459765	0.461458	0.000122783
	488	0.461853	0.461459	0.000122534
	489	0.457081	0.46145	0.00012261
	490	0.462773	0.461453	0.00012239
	491	0.459014	0.461448	0.000122241
	492	0.460459	0.461446	0.000122009
	493	0.463892	0.461451	0.000121862
	494	0.458388	0.461445	0.000121773
	495	0.466811	0.461456	0.000122009
	496	0.454782	0.461442	0.000122503
	497	0.463013	0.461445	0.000122297
	498	0.460613	0.461444	0.000122063
	499	0.458257	0.461437	0.000121985
	500	0.467005	0.461448	0.000122248
	501	0.462159	0.46145	0.000122013
	502	0.463006	0.461453	0.000121809
	503	0.462242	0.461455	0.000121577
	504	0.459343	0.46145	0.000121408
	505	0.463509	0.461454	0.000121236
	506	0.460015	0.461452	0.00012103
	507	0.462501	0.461454	0.000120809
	508	0.465414	0.461461	0.000120822
	509	0.458318	0.461455	0.000120742
	510	0.462003	0.461456	0.00012051
	511	0.459467	0.461452	0.000120337
	512	0.459592	0.461449	0.000120157
	513	0.464805	0.461455	0.000120101
	514	0.461553	0.461456	0.000119867
	515	0.462241	0.461457	0.000119644
	516	0.461016	0.461456	0.000119416
	517	0.462108	0.461457	0.000119191
	518	0.463053	0.461461	0.000119001
	519	0.460425	0.461459	0.000118788
	520	0.45693	0.46145	0.000118879
	521	0.464148	0.461455	0.000118763
	522	0.462105	0.461456	0.000118542
	523	0.464434	0.461462	0.000118452
	524	0.457291	0.461454	0.000118493
	525	0.463342	0.461458	0.000118322
	526	0.461679	0.461458	0.000118098
	527	0.460657	0.461456	0.000117884
	528	0.462464	0.461458	0.000117676
	529	0.464612	0.461464	0.000117604
	530	0.459397	0.46146	0.000117447
	531	0.460643	0.461459	0.000117236
	532	0.46327	0.461462	0.000117065
	533	0.461571	0.461463	0.000116846
	534	0.459139	0.461458	0.000116708
	535	0.463176	0.461461	0.000116534
	536	0.466871	0.461471	0.000116753
	537	0.456809	0.461463	0.000116858
	538	0.460843	0.461462	0.000116646
	539	0.464281	0.461467	0.000116547
	540	0.459608	0.461463	0.000116382
	541	0.462619	0.461466	0.000116186
	542	0.461605	0.461466	0.000115972
	543	0.461143	0.461465	0.00011576
	544	0.464328	0.46147	0.000115667
	545	0.45874	0.461465	0.000115563
	546	0.461737	0.461466	0.000115353
	547	0.463915	0.46147	0.000115229
	548	0.456471	0.461461	0.000115379
	549	0.464394	0.461467	0.000115292
	550	0.465427	0.461474	0.000115307
	551	0.457766	0.461467	0.000115294
	552	0.463501	0.461471	0.000115144
	553	0.459731	0.461468	0.000114979
	554	0.462551	0.46147	0.000114788
	555	0.460351	0.461468	0.000114599
	556	0.46073	0.461466	0.0001144
	557	0.460709	0.461465	0.000114203
	558	0.460807	0.461464	0.000114005
	559	0.466923	0.461474	0.000114218
	560	0.458609	0.461468	0.000114129
	561	0.461934	0.461469	0.000113928
	562	0.460045	0.461467	0.000113754
	563	0.459262	0.461463	0.000113619
	564	0.463715	0.461467	0.000113488
	565	0.46181	0.461467	0.000113288
	566	0.45913	0.461463	0.000113164
	567	0.462923	0.461466	0.000112993
	568	0.458322	0.46146	0.00011293
	569	0.463709	0.461464	0.0001128
	570	0.463937	0.461469	0.000112686
	571	0.462426	0.46147	0.000112501
	572	0.458118	0.461464	0.000112457
	573	0.462405	0.461466	0.000112273
	574	0.464621	0.461472	0.000112212
	575	0.458531	0.461466	0.000112133
	576	0.459987	0.461464	0.000111968
	577	0.458947	0.461459	0.000111858
	578	0.462831	0.461462	0.00011169
	579	0.458515	0.461457	0.000111613
	580	0.46622	0.461465	0.000111722
	581	0.457505	0.461458	0.000111738
	582	0.464313	0.461463	0.000111653
	583	0.459884	0.46146	0.000111495
	584	0.45945	0.461457	0.000111357
	585	0.46144	0.461457	0.000111167
	586	0.460614	0.461455	0.000110986
	587	0.461611	0.461456	0.000110797
	588	0.463576	0.461459	0.000110668
	589	0.461151	0.461459	0.000110481
	590	0.461368	0.461459	0.000110294
	591	0.459049	0.461455	0.000110183
	592	0.461877	0.461455	0.000109999
	593	0.462014	0.461456	0.000109817
	594	0.464416	0.461461	0.000109745
	595	0.457824	0.461455	0.000109731
	596	0.462564	0.461457	0.000109563
	597	0.458532	0.461452	0.000109489
	598	0.462308	0.461454	0.000109315
	599	0.461315	0.461453	0.000109133
	600	0.462177	0.461454	0.000108957
