BLOCK	ACTUAL_P	P_AVE	ERROR
1	5.49361	5.49361	0
2	4.78429	5.13895	0.250783
3	5.13568	5.13786	0.167191
4	4.32829	4.93547	0.215513
5	4.62604	4.87358	0.181078
6	5.02239	4.89838	0.152587
7	5.15336	4.93481	0.135067
8	5.50951	5.00665	0.135951
9	4.63803	4.96569	0.126865
10	5.29576	4.9987	0.118395
11	4.79988	4.98062	0.109003
12	5.62195	5.03407	0.112259
13	4.90567	5.02419	0.104057
14	4.89082	5.01466	0.0970598
15	5.01747	5.01485	0.0905893
16	5.60563	5.05177	0.0921457
17	4.72999	5.03284	0.0886482
18	4.89097	5.02496	0.0840729
19	5.23798	5.03617	0.0803921
20	4.67334	5.01803	0.0783928
21	5.72478	5.05169	0.0815646
22	4.61783	5.03197	0.0802058
23	5.05221	5.03285	0.0767234
24	5.12891	5.03685	0.073631
25	4.86058	5.0298	0.0710225
26	4.74492	5.01884	0.0691309
27	4.91863	5.01513	0.06667
28	4.66021	5.00245	0.0654829
29	4.69218	4.99175	0.0640929
30	4.89305	4.98846	0.0620409
31	4.82853	4.98331	0.0602537
32	5.25156	4.99169	0.058951
33	5.31426	5.00146	0.0579694
34	4.69832	4.99255	0.0569459
35	4.38066	4.97506	0.0579404
36	5.20923	4.98157	0.0566948
37	4.64121	4.97237	0.0559039
38	5.25465	4.9798	0.054924
39	4.47586	4.96688	0.0550147
40	5.25288	4.97403	0.0541019
41	4.62406	4.96549	0.0534515
42	5.24036	4.97204	0.0525779
43	5.10183	4.97505	0.0514418
44	4.82596	4.97167	0.0503841
45	5.07466	4.97395	0.0493164
46	5.70845	4.98992	0.0507634
47	5.13097	4.99292	0.049772
48	5.0866	4.99487	0.0487733
49	5.4946	5.00507	0.0488325
50	4.70243	4.99902	0.0482296
51	4.75548	4.99424	0.0475197
52	5.44703	5.00295	0.0473969
53	4.83881	4.99986	0.0466037
54	4.65103	4.9934	0.0461862
55	5.05268	4.99447	0.045359
56	4.99205	4.99443	0.0445491
57	4.9056	4.99287	0.0437948
58	5.11875	4.99504	0.0430934
59	4.87284	4.99297	0.0424128
60	4.61056	4.9866	0.0421821
61	5.28705	4.99152	0.0417771
62	4.69693	4.98677	0.0413726
63	4.97661	4.98661	0.0407162
64	5.22779	4.99038	0.0402541
65	5.30938	4.99529	0.0399328
66	5.42268	5.00176	0.0398494
67	4.59574	4.9957	0.0397127
68	4.64501	4.99054	0.0394621
69	4.99048	4.99054	0.0388902
70	4.51928	4.98381	0.038913
71	4.6014	4.97843	0.0387359
72	4.60207	4.9732	0.038549
73	4.97267	4.97319	0.0380209
74	4.61998	4.96842	0.0378055
75	5.00337	4.96888	0.0373043
76	4.82415	4.96698	0.0368621
77	4.8032	4.96485	0.0364446
78	5.39475	4.97036	0.0363918
79	4.72251	4.96723	0.0360661
80	5.45106	4.97327	0.0361188
81	5.74407	4.98279	0.0369052
82	4.99586	4.98295	0.0364554
83	5.09535	4.9843	0.0360414
84	4.89399	4.98323	0.0356283
85	4.97136	4.98309	0.0352094
86	4.87378	4.98182	0.034823
87	4.50165	4.9763	0.0348573
88	4.72668	4.97346	0.0345765
89	5.3164	4.97732	0.034402
90	5.15952	4.97934	0.0340793
91	4.86878	4.97813	0.0337264
92	4.93248	4.97763	0.0333635
93	4.29483	4.97029	0.0338029
94	4.64796	4.96686	0.0336168
95	5.55753	4.97308	0.033833
96	5.07127	4.9741	0.033496
97	5.1948	4.97637	0.0332279
98	4.95104	4.97612	0.0328898
99	4.84859	4.97483	0.0325828
100	4.5722	4.9708	0.0325048
101	4.33864	4.96454	0.0327801
102	4.58996	4.96087	0.0326637
103	4.70266	4.95836	0.0324427
104	5.16181	4.96032	0.0321896
105	5.0945	4.9616	0.0319084
106	4.4688	4.95695	0.0319443
107	5.30757	4.96022	0.0318134
108	4.85985	4.9593	0.0315324
109	4.68695	4.9568	0.0313419
110	5.06036	4.95774	0.0310711
111	4.91506	4.95735	0.0307936
112	4.71943	4.95523	0.0305918
113	5.4424	4.95954	0.0306234
114	4.77447	4.95792	0.0303978
115	5.2335	4.96031	0.0302278
116	5.57094	4.96558	0.0304221
117	5.39737	4.96927	0.0303851
118	5.00321	4.96956	0.0301289
119	4.75368	4.96774	0.0299303
120	5.17314	4.96945	0.0297298
121	5.62754	4.97489	0.0299775
122	5.1014	4.97593	0.0297497
123	4.8892	4.97522	0.0295162
124	5.05756	4.97589	0.0292856
125	5.53135	4.98033	0.0293865
126	4.91371	4.9798	0.029158
127	5.07456	4.98055	0.028938
128	5.07392	4.98128	0.0287211
129	5.51675	4.98543	0.0287969
130	5.23973	4.98739	0.0286417
131	4.42542	4.9831	0.0287425
132	5.65134	4.98816	0.0289672
133	5.14425	4.98933	0.0287731
134	4.91985	4.98881	0.0285631
135	5.17547	4.9902	0.028385
136	5.10159	4.99101	0.0281881
137	5.14999	4.99218	0.0280062
138	5.00572	4.99227	0.0278034
139	4.94245	4.99192	0.0276057
140	4.36605	4.98744	0.0277681
141	4.49846	4.98398	0.0277869
142	4.94772	4.98372	0.0275924
143	5.09978	4.98453	0.0274114
144	4.98552	4.98454	0.027221
145	4.74775	4.98291	0.0270822
146	5.29049	4.98501	0.0269785
147	5.07108	4.9856	0.0268014
148	5.0254	4.98587	0.0266216
149	4.2533	4.98095	0.0268931
150	4.89383	4.98037	0.0267201
151	4.68308	4.9784	0.0266156
152	4.83184	4.97744	0.0264579
153	5.22917	4.97908	0.0263361
154	4.55145	4.97631	0.0263111
155	4.84917	4.97549	0.0261541
156	4.62819	4.97326	0.0260811
157	4.74103	4.97178	0.0259569
158	4.82159	4.97083	0.02581
159	4.73282	4.96933	0.025691
160	4.72784	4.96782	0.0255747
161	5.30818	4.96994	0.0255031
162	5.1384	4.97098	0.0253669
163	5.77721	4.97592	0.025689
164	5.19564	4.97726	0.0255672
165	4.8411	4.97644	0.0254256
166	4.85921	4.97573	0.0252822
167	4.73592	4.9743	0.0251716
168	5.11317	4.97512	0.0250353
169	4.84392	4.97435	0.0248992
170	5.46338	4.97722	0.0249184
171	4.98942	4.97729	0.0247728
172	5.48629	4.98025	0.0248049
173	4.66167	4.97841	0.0247297
174	5.38428	4.98074	0.0246974
175	4.99974	4.98085	0.0245565
176	5.06979	4.98136	0.0244222
177	5.40428	4.98375	0.0244008
178	5.33935	4.98575	0.0243453
179	4.67973	4.98404	0.0242693
180	5.50568	4.98693	0.0243069
181	4.70636	4.98538	0.024222
182	5.33376	4.9873	0.0241644
183	4.97175	4.98721	0.0240325
184	4.99667	4.98726	0.0239019
185	5.18908	4.98836	0.0237976
186	4.77541	4.98721	0.0236972
187	4.71827	4.98577	0.0236141
188	4.96735	4.98567	0.0234887
189	4.89085	4.98517	0.0233698
190	5.5797	4.9883	0.0234553
191	4.94396	4.98807	0.0233336
192	5.02677	4.98827	0.023213
193	4.58013	4.98616	0.0231888
194	4.53322	4.98382	0.0231865
195	5.1086	4.98446	0.0230765
196	5.41054	4.98664	0.0230609
197	4.72643	4.98531	0.0229816
198	4.73334	4.98404	0.0229008
199	5.51859	4.98673	0.0229427
200	4.86144	4.9861	0.0228365
201	4.82813	4.98532	0.0227364
202	4.69289	4.98387	0.0226699
203	5.6125	4.98696	0.0227688
204	4.51572	4.98465	0.022774
205	4.81816	4.98384	0.0226774
206	5.04072	4.98412	0.022569
207	5.35602	4.98592	0.0225314
208	4.87835	4.9854	0.022429
209	4.90676	4.98502	0.0223248
210	5.04458	4.98531	0.0222203
211	4.72492	4.98407	0.0221493
212	4.83989	4.98339	0.0220552
213	4.97968	4.98337	0.0219517
214	5.03818	4.98363	0.0218506
215	5.04488	4.98391	0.0217508
216	4.86921	4.98338	0.0216566
217	4.498	4.98115	0.021672
218	5.19908	4.98215	0.0215956
219	4.40228	4.9795	0.0216587
220	5.15019	4.98027	0.0215742
221	5.01634	4.98044	0.0214772
222	5.18283	4.98135	0.0213998
223	4.72233	4.98019	0.0213353
224	4.9999	4.98028	0.0212402
225	5.40247	4.98215	0.0212286
226	5.14948	4.98289	0.0211475
227	5.16955	4.98372	0.0210704
228	5.05197	4.98401	0.0209801
229	4.57218	4.98222	0.0209654
230	4.6378	4.98072	0.0209277
231	4.95969	4.98063	0.0208373
232	4.84862	4.98006	0.0207552
233	4.87567	4.97961	0.020671
234	5.17599	4.98045	0.0205997
235	4.39967	4.97798	0.0206597
236	5.16159	4.97876	0.0205868
237	5.13628	4.97942	0.0205107
238	5.40337	4.9812	0.0205017
239	4.55586	4.97942	0.020493
240	4.81133	4.97872	0.0204196
241	5.11774	4.9793	0.020343
242	5.22488	4.98031	0.0202843
243	5.52019	4.98254	0.0203221
244	5.10289	4.98303	0.0202448
245	4.7915	4.98225	0.0201772
246	4.34618	4.97966	0.0202602
247	5.4978	4.98176	0.0202865
248	5.37778	4.98336	0.0202674
249	4.91964	4.9831	0.0201877
250	4.85564	4.98259	0.0201134
251	5.38779	4.9842	0.0200979
252	4.97006	4.98415	0.0200182
253	4.88431	4.98375	0.019943
254	5.07337	4.98411	0.0198676
255	4.57756	4.98251	0.0198536
256	5.1839	4.9833	0.0197916
257	5.08165	4.98368	0.0197183
258	5.25455	4.98473	0.0196698
259	5.01615	4.98485	0.0195942
260	5.132	4.98542	0.019527
261	5.03752	4.98562	0.0194532
262	4.91581	4.98535	0.0193808
263	5.10408	4.9858	0.0193124
264	5.44094	4.98753	0.019316
265	4.36495	4.98518	0.0193855
266	5.52827	4.98722	0.0194198
267	4.91837	4.98696	0.0193488
268	5.18362	4.9877	0.0192905
269	5.354	4.98906	0.0192668
270	5.38214	4.99051	0.0192503
271	4.98201	4.99048	0.0191793
272	5.16401	4.99112	0.0191194
273	5.07354	4.99142	0.0190518
274	5.10436	4.99183	0.0189867
275	4.69702	4.99076	0.0189479
276	4.1998	4.9879	0.0190947
277	5.23779	4.9888	0.0190471
278	5.06552	4.98907	0.0189806
279	4.93997	4.9889	0.0189134
280	5.56833	4.99097	0.0189587
281	5.1594	4.99157	0.0189007
282	5.16646	4.99219	0.0188439
283	4.53443	4.99057	0.0188466
284	4.57089	4.98909	0.0188381
285	5.09614	4.98947	0.0187757
286	4.95052	4.98933	0.0187105
287	5.54997	4.99129	0.018747
288	5.05713	4.99151	0.0186833
289	4.78772	4.99081	0.018632
290	5.17432	4.99144	0.0185785
291	4.57265	4.99	0.0185703
292	4.59398	4.98865	0.0185562
293	4.86237	4.98822	0.0184978
294	5.1995	4.98893	0.0184489
295	5.13013	4.98941	0.0183926
296	4.9877	4.98941	0.0183304
297	4.43777	4.98755	0.0183626
298	5.29011	4.98856	0.018329
299	4.86563	4.98815	0.0182723
300	4.50011	4.98653	0.0182837
301	5.95806	4.98975	0.0185056
302	4.50172	4.98814	0.0185148
303	4.65339	4.98703	0.0184866
304	5.04816	4.98723	0.0184269
305	4.61841	4.98603	0.0184061
306	5.31295	4.98709	0.0183769
307	4.88958	4.98678	0.0183198
308	4.61901	4.98558	0.0182992
309	4.59116	4.98431	0.0182845
310	5.34369	4.98546	0.0182622
311	4.81971	4.98493	0.0182112
312	5.23998	4.98575	0.0181712
313	5.34292	4.98689	0.018149
314	4.76052	4.98617	0.0181055
315	5.0826	4.98648	0.0180506
316	5.07619	4.98676	0.0179957
317	5.14585	4.98726	0.0179459
318	4.64866	4.9862	0.017921
319	4.91306	4.98597	0.0178663
320	5.05105	4.98617	0.0178117
321	5.10883	4.98655	0.0177603
322	5.45524	4.98801	0.0177647
323	4.77282	4.98734	0.0177221
324	5.29404	4.98829	0.0176927
325	5.01826	4.98838	0.0176385
326	4.80557	4.98782	0.0175933
327	5.15814	4.98834	0.0175472
328	5.01169	4.98841	0.0174939
329	4.88393	4.98809	0.0174436
330	5.05545	4.9883	0.0173919
331	4.72495	4.9875	0.0173576
332	5.13711	4.98795	0.0173111
333	4.96393	4.98788	0.0172593
334	5.10005	4.98822	0.0172109
335	5.23298	4.98895	0.017175
336	5.20228	4.98958	0.0171356
337	4.56904	4.98834	0.0171302
338	5.4307	4.98964	0.0171294
339	4.90026	4.98938	0.0170809
340	5.04736	4.98955	0.0170315
341	5.4721	4.99097	0.0170403
342	4.92491	4.99077	0.0169915
343	5.06853	4.991	0.0169435
344	4.98825	4.99099	0.0168942
345	5.0193	4.99107	0.0168455
346	5.39193	4.99223	0.0168366
347	5.17755	4.99277	0.0167965
348	4.95762	4.99267	0.0167486
349	5.07439	4.9929	0.0167022
350	4.83419	4.99245	0.0166606
351	4.50106	4.99105	0.0166719
352	4.77353	4.99043	0.016636
353	5.16002	4.99091	0.0165958
354	4.96194	4.99083	0.0165491
355	5.13874	4.99124	0.0165077
356	4.79067	4.99068	0.016471
357	5.43878	4.99193	0.0164726
358	4.85755	4.99156	0.0164309
359	5.06933	4.99178	0.0163865
360	5.11495	4.99212	0.0163446
361	4.92291	4.99193	0.0163004
362	4.82429	4.99146	0.016262
363	5.08782	4.99173	0.0162193
364	5.14555	4.99215	0.0161803
365	5.27583	4.99293	0.0161546
366	4.63787	4.99196	0.0161396
367	5.03475	4.99208	0.016096
368	4.78937	4.99152	0.0160617
369	5.17735	4.99203	0.0160261
370	4.99952	4.99205	0.0159828
371	5.0932	4.99232	0.015942
372	5.253	4.99302	0.0159145
373	4.8469	4.99263	0.0158767
374	4.86093	4.99228	0.0158382
375	5.03174	4.99238	0.0157963
376	4.87871	4.99208	0.0157572
377	4.97717	4.99204	0.0157154
378	4.83308	4.99162	0.0156795
379	5.50894	4.99299	0.0156974
380	5.74926	4.99498	0.0157817
381	4.40899	4.99344	0.0158151
382	4.75692	4.99282	0.0157858
383	4.47289	4.99146	0.0158028
384	5.03079	4.99156	0.015762
385	5.37777	4.99257	0.015753
386	5.24617	4.99322	0.0157259
387	5.07574	4.99344	0.0156867
388	5.44807	4.99461	0.0156899
389	4.89847	4.99436	0.0156515
390	4.79145	4.99384	0.0156201
391	4.44455	4.99244	0.0156432
392	4.75495	4.99183	0.015615
393	4.73112	4.99117	0.0155893
394	4.67731	4.99037	0.0155701
395	4.84085	4.98999	0.0155353
396	5.4707	4.99121	0.0155434
397	5.02504	4.99129	0.0155045
398	5.01766	4.99136	0.0154657
399	5.37686	4.99232	0.0154571
400	5.1436	4.9927	0.015423
401	4.58181	4.99168	0.0154186
402	4.85514	4.99134	0.015384
403	5.74651	4.99321	0.0154595
404	5.25526	4.99386	0.0154348
405	4.9088	4.99365	0.0153982
406	4.99281	4.99365	0.0153602
407	5.49304	4.99487	0.0153714
408	4.64129	4.99401	0.0153582
409	5.68427	4.9957	0.0154131
410	5.09606	4.99594	0.0153774
411	4.93509	4.99579	0.0153407
412	4.96817	4.99573	0.0153036
413	4.85205	4.99538	0.0152705
414	5.25689	4.99601	0.0152467
415	5.40584	4.997	0.0152419
416	5.20145	4.99749	0.0152132
417	4.41962	4.9961	0.0152397
418	5.10261	4.99636	0.0152054
419	4.90233	4.99613	0.0151707
420	5.22076	4.99667	0.015144
421	4.88233	4.9964	0.0151105
422	5.09368	4.99663	0.0150764
423	5.20339	4.99712	0.0150487
424	5.11487	4.99739	0.0150158
425	5.33544	4.99819	0.0150015
426	5.0804	4.99838	0.0149675
427	5.64204	4.99989	0.0150082
428	4.74434	4.99929	0.014985
429	4.7139	4.99863	0.0149648
430	5.14201	4.99896	0.0149337
431	5.01712	4.999	0.0148992
432	5.13536	4.99932	0.014868
433	5.07829	4.9995	0.0148348
434	4.81235	4.99907	0.0148069
435	4.78594	4.99858	0.0147809
436	5.11246	4.99884	0.0147493
437	4.94412	4.99872	0.0147161
438	5.05145	4.99884	0.014683
439	4.71339	4.99819	0.014664
440	5.16529	4.99857	0.0146356
441	4.49368	4.99742	0.0146471
442	5.211	4.9979	0.0146219
443	5.4072	4.99883	0.0146181
444	4.5809	4.99789	0.0146154
445	4.82585	4.9975	0.0145877
446	4.93173	4.99735	0.0145557
447	4.55372	4.99636	0.014557
448	4.63211	4.99555	0.0145471
449	5.21928	4.99604	0.0145233
450	4.7196	4.99543	0.014504
451	5.34301	4.9962	0.0144923
452	5.54089	4.99741	0.0145102
453	4.48097	4.99627	0.0145229
454	4.98202	4.99623	0.014491
455	5.30704	4.99692	0.0144752
456	4.95236	4.99682	0.0144438
457	5.48249	4.99788	0.0144512
458	4.68433	4.9972	0.0144359
459	5.74891	4.99884	0.014497
460	4.63501	4.99805	0.0144871
461	4.90622	4.99785	0.014457
462	4.90683	4.99765	0.0144271
463	5.74736	4.99927	0.0144865
464	4.33636	4.99784	0.0145256
465	4.77431	4.99736	0.0145023
466	4.88347	4.99711	0.0144732
467	4.91428	4.99694	0.0144433
468	4.43506	4.99574	0.0144623
469	5.62022	4.99707	0.0144926
470	4.5297	4.99607	0.0144958
471	5.24028	4.99659	0.0144743
472	5.20625	4.99704	0.0144505
473	5.60569	4.99832	0.0144771
474	4.95197	4.99823	0.0144469
475	5.37497	4.99902	0.0144382
476	5.86288	5.00083	0.0145215
477	4.88594	5.00059	0.0144931
478	4.96987	5.00053	0.0144629
479	4.85277	5.00022	0.014436
480	5.03871	5.0003	0.0144061
481	4.76733	4.99982	0.0143843
482	4.89115	4.99959	0.0143562
483	4.91011	4.9994	0.0143277
484	5.05915	4.99953	0.0142986
485	5.67097	5.00091	0.014336
486	4.76867	5.00043	0.0143145
487	5.02043	5.00048	0.0142852
488	5.29434	5.00108	0.0142686
489	5.11614	5.00131	0.0142413
490	5.59958	5.00253	0.0142645
491	4.77663	5.00207	0.0142429
492	5.352	5.00279	0.0142317
493	5.14319	5.00307	0.0142057
494	4.92203	5.00291	0.0141779
495	4.63579	5.00216	0.0141686
496	4.57423	5.0013	0.0141663
497	5.41377	5.00213	0.0141621
498	4.84251	5.00181	0.0141372
499	5.01173	5.00183	0.0141089
500	4.29003	5.00041	0.0141524
501	4.59511	4.9996	0.0141472
502	4.7577	4.99912	0.0141272
503	4.90353	4.99893	0.0141004
504	4.95001	4.99883	0.0140728
505	4.59933	4.99804	0.0140671
506	4.88707	4.99782	0.014041
507	4.56042	4.99696	0.0140398
508	4.89833	4.99676	0.0140135
509	5.06659	4.9969	0.0139867
510	4.94778	4.9968	0.0139596
511	5.019	4.99685	0.0139323
512	4.58599	4.99604	0.0139282
513	5.04719	4.99614	0.0139014
514	5.10843	4.99636	0.0138761
515	4.46929	4.99534	0.0138868
516	4.94292	4.99524	0.0138603
517	4.98733	4.99522	0.0138335
518	4.86314	4.99497	0.0138091
519	4.82752	4.99464	0.0137863
520	5.44808	4.99552	0.0137873
521	5.06987	4.99566	0.0137616
522	4.59842	4.9949	0.0137563
523	4.69908	4.99433	0.0137416
524	4.6341	4.99364	0.0137325
525	4.69525	4.99308	0.0137181
526	4.90494	4.99291	0.0136931
527	5.09985	4.99311	0.0136686
528	4.81402	4.99277	0.0136469
529	4.70571	4.99223	0.0136319
530	4.62204	4.99153	0.0136241
531	4.93543	4.99143	0.0135988
532	4.74484	4.99096	0.0135812
533	4.98018	4.99094	0.0135557
534	5.11109	4.99117	0.0135322
535	5.25859	4.99167	0.0135161
536	4.91522	4.99152	0.0134917
537	5.02862	4.99159	0.0134667
538	4.7547	4.99115	0.0134489
539	5.17688	4.9915	0.0134283
540	4.47782	4.99055	0.0134371
541	5.40936	4.99132	0.0134346
542	4.62333	4.99064	0.0134269
543	4.6546	4.99002	0.0134164
544	4.56558	4.98924	0.0134145
545	5.24474	4.98971	0.013398
546	4.69438	4.98917	0.0133844
547	4.43902	4.98816	0.0133977
548	5.01745	4.98822	0.0133733
549	5.61772	4.98936	0.013398
550	5.13932	4.98964	0.0133764
551	5.00172	4.98966	0.0133522
552	4.67928	4.9891	0.0133398
553	4.67531	4.98853	0.0133278
554	4.85563	4.98829	0.0133059
555	5.35257	4.98895	0.0132981
556	5.81474	4.99043	0.0133568
557	5.52927	4.9914	0.0133679
558	4.65562	4.9908	0.0133574
559	4.9887	4.99079	0.0133335
560	4.80096	4.99045	0.013314
561	4.99082	4.99045	0.0132903
562	4.72277	4.98998	0.0132752
563	5.10002	4.99017	0.013253
564	5.05523	4.99029	0.0132301
565	5.47424	4.99115	0.0132343
566	5.33598	4.99176	0.013225
567	4.94953	4.99168	0.0132019
568	4.83451	4.9914	0.0131815
569	4.87425	4.9912	0.01316
570	4.5074	4.99035	0.0131642
571	4.69062	4.98982	0.0131516
572	4.83443	4.98955	0.0131314
573	4.94745	4.98948	0.0131087
574	5.07285	4.98962	0.0130867
575	5.3645	4.99028	0.0130802
576	4.37853	4.98921	0.0131005
577	5.2711	4.9897	0.0130869
578	4.36196	4.98862	0.0131092
579	4.86494	4.9884	0.0130883
580	4.59751	4.98773	0.0130831
581	4.91222	4.9876	0.0130612
582	5.31072	4.98815	0.0130506
583	4.95581	4.9881	0.0130283
584	5.36729	4.98875	0.0130222
585	5.29504	4.98927	0.0130104
586	5.07096	4.98941	0.012989
587	5.29519	4.98993	0.0129773
588	5.45508	4.99072	0.0129793
589	4.9993	4.99074	0.0129573
590	5.1227	4.99096	0.0129373
591	4.99979	4.99098	0.0129154
592	4.85345	4.99074	0.0128957
593	5.11668	4.99096	0.0128757
594	5.49755	4.99181	0.0128822
595	4.66901	4.99127	0.012872
596	4.2432	4.99001	0.0129114
597	4.8526	4.98978	0.0128918
598	4.54002	4.98903	0.0128922
599	4.95411	4.98897	0.0128708
600	5.12575	4.9892	0.0128514
601	5.01623	4.98924	0.0128301
602	4.4897	4.98841	0.0128356
603	4.5821	4.98774	0.012832
604	5.38393	4.9884	0.0128275
605	4.2941	4.98725	0.0128575
606	5.32548	4.98781	0.0128484
607	4.367	4.98678	0.0128679
608	5.05154	4.98689	0.0128471
609	4.69061	4.9864	0.0128352
610	5.29106	4.9869	0.0128239
611	5.03707	4.98699	0.0128032
612	4.79438	4.98667	0.0127861
613	4.59482	4.98603	0.0127813
614	5.02755	4.9861	0.0127606
615	4.73143	4.98569	0.0127466
616	5.01602	4.98573	0.012726
617	5.34897	4.98632	0.012719
618	5.23106	4.98672	0.0127046
619	5.17622	4.98703	0.0126877
620	5.48904	4.98784	0.0126931
621	5.14475	4.98809	0.0126751
622	5.08089	4.98824	0.0126556
623	6.00048	4.98986	0.0127392
624	4.65161	4.98932	0.0127303
625	4.93496	4.98923	0.0127102
626	5.22361	4.98961	0.0126954
627	4.81952	4.98934	0.0126781
628	5.37788	4.98995	0.012673
629	4.64249	4.9894	0.0126649
630	5.58255	4.99034	0.0126797
631	5.07605	4.99048	0.0126604
632	4.72849	4.99006	0.0126471
633	4.75147	4.98969	0.0126327
634	5.33791	4.99024	0.0126248
635	4.67999	4.98975	0.0126143
636	4.99804	4.98976	0.0125945
637	4.76569	4.98941	0.0125796
638	4.76824	4.98906	0.0125647
639	4.61203	4.98847	0.0125589
640	4.63466	4.98792	0.0125514
641	5.15861	4.98819	0.0125347
642	4.78835	4.98788	0.012519
643	5.27031	4.98831	0.0125072
644	4.85568	4.98811	0.0124895
645	5.04092	4.98819	0.0124704
646	4.88385	4.98803	0.0124522
647	4.95437	4.98798	0.012433
648	5.4974	4.98876	0.0124387
649	4.83575	4.98853	0.0124217
650	4.87256	4.98835	0.0124039
651	5.08125	4.98849	0.0123857
652	5.21628	4.98884	0.0123716
653	5.45591	4.98956	0.0123733
654	4.57657	4.98892	0.0123705
655	4.85344	4.98872	0.0123533
656	4.77929	4.9884	0.0123386
657	5.14674	4.98864	0.0123222
658	5.1387	4.98887	0.0123056
659	5.43373	4.98954	0.0123054
660	5.34284	4.99008	0.0122984
661	5.25433	4.99048	0.0122863
662	4.85229	4.99027	0.0122695
663	5.93624	4.9917	0.0123337
664	4.73832	4.99131	0.012321
665	5.10617	4.99149	0.0123037
666	4.52368	4.99078	0.0123053
667	4.65326	4.99028	0.0122972
668	4.9345	4.9902	0.0122791
669	4.99289	4.9902	0.0122607
670	5.07089	4.99032	0.012243
671	4.76537	4.98998	0.0122294
672	5.05978	4.99009	0.0122116
673	4.97265	4.99006	0.0121935
674	5.3351	4.99057	0.0121861
675	5.3376	4.99109	0.0121789
676	5.30515	4.99155	0.0121698
677	4.55566	4.99091	0.0121688
678	4.75843	4.99057	0.0121557
679	5.17463	4.99084	0.0121408
680	4.4159	4.98999	0.0121524
681	4.94239	4.98992	0.0121347
682	5.44186	4.99058	0.012135
683	4.98243	4.99057	0.0121172
684	5.38983	4.99116	0.0121136
685	4.55303	4.99052	0.0121128
686	5.0774	4.99064	0.0120958
687	5.18627	4.99093	0.0120815
688	5.06612	4.99104	0.0120645
689	4.99718	4.99105	0.012047
690	4.82524	4.99081	0.0120319
691	5.3006	4.99125	0.0120228
692	4.83576	4.99103	0.0120076
693	5.14972	4.99126	0.0119924
694	5.5885	4.99212	0.012006
695	5.1493	4.99235	0.0119908
696	5.03916	4.99241	0.0119738
697	5.30391	4.99286	0.0119649
698	4.86229	4.99267	0.0119493
699	5.34247	4.99317	0.0119426
700	4.97945	4.99315	0.0119256
701	5.22399	4.99348	0.0119131
702	5.35448	4.994	0.0119073
703	5.11236	4.99417	0.0118915
704	5.03076	4.99422	0.0118747
705	4.63225	4.9937	0.011869
706	4.94966	4.99364	0.0118523
707	5.26083	4.99402	0.0118416
708	4.35036	4.99311	0.0118597
709	4.71257	4.99271	0.0118496
710	5.0622	4.99281	0.0118333
711	4.84831	4.99261	0.0118184
712	4.79141	4.99233	0.0118052
713	4.81535	4.99208	0.0117912
714	5.25544	4.99245	0.0117805
715	4.98169	4.99243	0.011764
716	5.25034	4.99279	0.0117531
717	4.68422	4.99236	0.0117446
718	4.71277	4.99197	0.0117347
719	4.9562	4.99192	0.0117185
720	4.66272	4.99147	0.0117111
721	4.86039	4.99128	0.0116963
722	4.9955	4.99129	0.0116801
723	5.13781	4.99149	0.0116657
724	4.35294	4.99061	0.0116829
725	5.06559	4.99071	0.0116672
726	5.26611	4.99109	0.0116573
727	4.6408	4.99061	0.0116512
728	5.06945	4.99072	0.0116357
729	5.11471	4.99089	0.011621
730	5.255	4.99125	0.0116107
731	4.89829	4.99112	0.0115955
732	5.54457	4.99188	0.0116043
733	5.04697	4.99196	0.0115887
734	5.5025	4.99265	0.0115938
735	5.07051	4.99276	0.0115785
736	5.46933	4.9934	0.0115809
737	4.89768	4.99327	0.0115659
738	4.49566	4.9926	0.0115698
739	4.70837	4.99222	0.0115606
740	5.41312	4.99278	0.0115589
741	4.87956	4.99263	0.0115443
742	4.84013	4.99243	0.0115306
743	4.64698	4.99196	0.0115245
744	4.36633	4.99112	0.0115396
745	4.63743	4.99065	0.0115339
746	4.9828	4.99064	0.0115184
747	4.99072	4.99064	0.011503
748	5.01512	4.99067	0.0114877
749	4.93347	4.99059	0.0114726
750	5.08238	4.99071	0.0114579
751	4.87625	4.99056	0.0114437
752	4.97886	4.99055	0.0114285
753	4.50633	4.9899	0.0114314
754	5.09926	4.99005	0.0114172
755	4.6552	4.9896	0.0114106
756	4.90751	4.9895	0.0113961
757	4.9234	4.98941	0.0113813
758	5.31656	4.98984	0.0113745
759	4.86752	4.98968	0.0113607
760	5.35935	4.99017	0.0113561
761	4.9228	4.99008	0.0113416
762	4.63323	4.98961	0.0113363
763	5.27036	4.98998	0.0113274
764	5.03185	4.99003	0.0113128
765	4.85774	4.98986	0.0112993
766	4.74297	4.98954	0.0112891
767	4.59184	4.98902	0.0112863
768	5.30994	4.98944	0.0112793
769	4.95155	4.98939	0.0112648
770	5.66496	4.99026	0.0112843
771	5.24981	4.9906	0.0112747
772	4.86974	4.99044	0.0112611
773	5.37192	4.99094	0.0112574
774	5.6152	4.99174	0.0112717
775	5.00996	4.99177	0.0112572
776	4.7897	4.99151	0.0112457
777	4.66674	4.99109	0.011239
778	5.24096	4.99141	0.0112291
779	4.74713	4.9911	0.0112191
780	4.89821	4.99098	0.0112053
781	4.89662	4.99086	0.0111916
782	4.9666	4.99083	0.0111774
783	4.98007	4.99081	0.0111631
784	5.32598	4.99124	0.011157
785	4.82683	4.99103	0.0111448
786	5.20035	4.9913	0.0111338
787	4.87146	4.99114	0.0111207
788	5.16066	4.99136	0.0111087
789	4.81296	4.99113	0.0110969
790	5.16898	4.99136	0.0110851
791	5.16522	4.99158	0.0110733
792	4.60444	4.99109	0.0110701
793	5.62926	4.99189	0.0110853
794	5.4221	4.99244	0.0110846
795	5.27722	4.99279	0.0110764
796	5.22793	4.99309	0.0110665
797	4.81087	4.99286	0.0110549
798	5.15758	4.99307	0.011043
799	5.2722	4.99342	0.0110347
800	4.86857	4.99326	0.011022
801	5.3405	4.99369	0.0110168
802	5.28144	4.99405	0.0110089
803	5.28191	4.99441	0.011001
804	4.62925	4.99396	0.0109967
805	5.28189	4.99431	0.0109889
806	4.89313	4.99419	0.010976
807	5.19737	4.99444	0.0109652
808	5.12929	4.99461	0.0109529
809	4.98405	4.99459	0.0109394
810	5.05599	4.99467	0.0109262
811	4.96403	4.99463	0.0109128
812	4.75535	4.99434	0.0109033
813	5.17867	4.99456	0.0108922
814	4.81935	4.99435	0.010881
815	4.95635	4.9943	0.0108677
816	4.88279	4.99417	0.0108553
817	4.46284	4.99352	0.0108615
818	5.00504	4.99353	0.0108482
819	5.15324	4.99372	0.0108367
820	4.94977	4.99367	0.0108236
821	4.92468	4.99359	0.0108108
822	5.02678	4.99363	0.0107977
823	4.44981	4.99297	0.0108048
824	5.12174	4.99312	0.0107928
825	4.8428	4.99294	0.0107812
826	5.14758	4.99313	0.0107698
827	5.03217	4.99318	0.0107569
828	4.61841	4.99272	0.0107534
829	5.6269	4.99349	0.0107676
830	4.79939	4.99325	0.0107572
831	6.01551	4.99448	0.0108143
832	5.41058	4.99498	0.0108129
833	5.72788	4.99586	0.0108357
834	5.6616	4.99666	0.010852
835	4.97623	4.99664	0.0108391
836	5.3164	4.99702	0.0108328
837	5.05521	4.99709	0.0108201
838	5.41796	4.99759	0.0108189
839	4.95088	4.99754	0.0108061
840	5.45023	4.99808	0.0108067
841	4.92521	4.99799	0.0107942
842	5.52226	4.99861	0.0107993
843	5.20655	4.99886	0.0107893
844	4.79821	4.99862	0.0107791
845	5.31188	4.99899	0.0107728
846	5.09486	4.9991	0.0107606
847	5.45555	4.99964	0.0107614
848	5.40763	5.00012	0.0107595
849	5.04694	5.00018	0.0107469
850	5.00237	5.00018	0.0107343
851	4.9109	5.00008	0.0107222
852	5.07803	5.00017	0.01071
853	4.94112	5.0001	0.0106977
854	4.92355	5.00001	0.0106855
855	4.98016	4.99999	0.010673
856	4.50981	4.99941	0.0106759
857	4.70088	4.99907	0.0106691
858	5.96885	5.0002	0.0107164
859	4.97832	5.00017	0.010704
860	5.262	5.00047	0.0106958
861	4.81059	5.00025	0.0106857
862	5.32871	5.00064	0.0106801
863	5.84074	5.00161	0.010712
864	4.8929	5.00148	0.0107003
865	5.16796	5.00168	0.0106897
866	5.27453	5.00199	0.010682
867	4.84116	5.0018	0.0106713
868	5.70835	5.00262	0.01069
869	4.94385	5.00255	0.0106779
870	4.69489	5.0022	0.0106715
871	5.27218	5.00251	0.0106637
872	5.36875	5.00293	0.0106598
873	4.60048	5.00247	0.0106575
874	4.91319	5.00236	0.0106458
875	4.89516	5.00224	0.0106344
876	5.11778	5.00237	0.010623
877	4.60051	5.00192	0.0106208
878	4.76109	5.00164	0.0106122
879	4.77839	5.00139	0.0106032
880	4.91808	5.00129	0.0105916
881	4.88149	5.00116	0.0105804
882	5.41717	5.00163	0.0105789
883	5.0454	5.00168	0.0105671
884	5.1477	5.00184	0.0105564
885	4.97685	5.00181	0.0105445
886	4.86978	5.00167	0.0105337
887	4.81174	5.00145	0.010524
888	4.73062	5.00115	0.0105165
889	5.4477	5.00165	0.0105167
890	5.09759	5.00176	0.0105054
891	4.69716	5.00142	0.0104992
892	5.00407	5.00142	0.0104874
893	5.55242	5.00204	0.0104938
894	4.8484	5.00186	0.0104835
895	4.86419	5.00171	0.0104729
896	5.25993	5.002	0.0104652
897	4.89862	5.00188	0.0104542
898	4.87392	5.00174	0.0104435
899	4.76805	5.00148	0.0104351
900	5.30274	5.00181	0.0104289
901	4.7905	5.00158	0.0104199
902	5.31549	5.00193	0.0104142
903	4.96458	5.00189	0.0104027
904	5.08696	5.00198	0.0103917
905	4.73752	5.00169	0.0103843
906	4.85905	5.00153	0.010374
907	4.28755	5.00074	0.0103924
908	4.57585	5.00028	0.0103915
909	4.98725	5.00026	0.0103801
910	4.76216	5	0.010372
911	5.58713	5.00064	0.0103806
912	5.21018	5.00087	0.0103717
913	5.47699	5.0014	0.0103735
914	5.22831	5.00164	0.0103651
915	4.89519	5.00153	0.0103544
916	4.88222	5.0014	0.0103439
917	5.34378	5.00177	0.0103394
918	5.21629	5.002	0.0103308
919	4.75723	5.00174	0.010323
920	5.0143	5.00175	0.0103118
921	4.92943	5.00167	0.0103009
922	4.78485	5.00144	0.0102924
923	5.26173	5.00172	0.0102851
924	4.43213	5.0011	0.0102924
925	5.04223	5.00115	0.0102814
926	4.96272	5.00111	0.0102704
927	4.67304	5.00075	0.0102654
928	5.85895	5.00168	0.0102959
929	5.23147	5.00192	0.0102878
930	4.72473	5.00163	0.010281
931	4.69583	5.0013	0.0102752
932	4.80848	5.00109	0.0102663
933	4.9764	5.00107	0.0102553
934	5.42019	5.00151	0.0102542
935	4.88699	5.00139	0.0102439
936	5.22348	5.00163	0.0102357
937	4.54311	5.00114	0.0102365
938	4.87976	5.00101	0.0102264
939	5.09135	5.00111	0.010216
940	5.08784	5.0012	0.0102055
941	4.52187	5.00069	0.0102074
942	5.32423	5.00103	0.0102023
943	4.79509	5.00081	0.0101938
944	4.74308	5.00054	0.0101867
945	5.12626	5.00067	0.0101768
946	4.36238	5	0.0101883
947	4.68404	4.99967	0.0101831
948	5.26105	4.99994	0.010176
949	4.98947	4.99993	0.0101653
950	4.9797	4.99991	0.0101546
951	5.20795	5.00013	0.0101463
952	4.79062	4.99991	0.0101381
953	4.38439	4.99926	0.010148
954	4.72496	4.99897	0.0101414
955	5.0572	4.99904	0.010131
956	4.5929	4.99861	0.0101293
957	4.40628	4.99799	0.0101376
958	4.84134	4.99783	0.0101283
959	4.72496	4.99754	0.0101218
960	5.25266	4.99781	0.0101147
961	4.96788	4.99778	0.0101042
962	4.55417	4.99732	0.0101042
963	4.95908	4.99728	0.0100938
964	4.77465	4.99705	0.010086
965	5.19948	4.99726	0.0100777
966	4.73375	4.99698	0.010071
967	5.55802	4.99756	0.0100773
968	4.68756	4.99724	0.0100719
969	4.60608	4.99684	0.0100696
970	5.40843	4.99726	0.0100682
971	4.75001	4.99701	0.010061
972	5.42415	4.99745	0.0100603
973	5.02979	4.99748	0.01005
974	4.98154	4.99747	0.0100397
975	5.46475	4.99794	0.0100408
976	5.06724	4.99802	0.0100308
977	5.06956	4.99809	0.0100208
978	4.77788	4.99786	0.0100131
979	4.73382	4.99759	0.0100065
980	5.21917	4.99782	0.00999882
981	5.11071	4.99794	0.00998929
982	5.18895	4.99813	0.00998101
983	5.25195	4.99839	0.0099742
984	4.90963	4.9983	0.00996447
985	5.0701	4.99837	0.00995462
986	5.31061	4.99869	0.00994956
987	4.91788	4.99861	0.00993981
988	5.32267	4.99893	0.00993516
989	5.3797	4.99932	0.00993258
990	4.7182	4.99903	0.0099266
991	5.446	4.99949	0.00992682
992	4.66243	4.99915	0.00992263
993	5.37136	4.99952	0.00991972
994	5.03449	4.99956	0.0099098
995	4.84186	4.9994	0.00990111
996	4.76381	4.99916	0.00989399
997	4.96232	4.99912	0.00988414
998	4.70502	4.99883	0.00987862
999	4.8476	4.99868	0.00986989
1000	4.85852	4.99854	0.00986102
