0	7.56565
1	7.56565
2	7.56565
3	7.56565
4	7.56565
5	7.56565
6	7.56565
7	7.56565
8	7.56565
9	7.56565
10	7.56565
11	7.56565
12	7.56565
13	7.56565
14	7.56565
15	7.56565
16	7.56565
17	7.56565
18	7.56565
19	7.56565
20	7.56565
21	7.56565
22	7.56565
23	7.56565
24	7.56565
25	7.56565
26	7.56565
27	7.56565
28	7.56565
29	7.56565
30	7.56565
31	7.56565
32	7.56565
33	7.56565
34	7.56565
35	7.56565
36	7.56565
37	7.56565
38	7.56565
39	7.56565
40	7.56565
41	7.56565
42	7.56565
43	7.56565
44	7.56565
45	7.56565
46	7.56565
47	7.56565
48	7.56565
49	7.56565
50	7.56565
51	7.56565
52	7.56565
53	7.56565
54	7.56565
55	7.56565
56	7.56565
57	7.56565
58	7.56565
59	7.56565
60	7.56565
61	7.56565
62	7.56565
63	7.56565
64	7.56565
65	7.56565
66	7.56565
67	7.56565
68	7.56565
69	7.56565
70	7.56565
71	7.56565
72	7.56565
73	7.56565
74	7.56565
75	7.56565
76	7.56565
77	7.56565
78	7.56565
79	7.56565
80	7.56565
81	7.56565
82	7.56565
83	7.56565
84	7.56565
85	7.56565
86	7.56565
87	7.56565
88	7.56565
89	7.56565
90	7.56565
91	7.56565
92	7.56565
93	7.56565
94	7.56565
95	7.56565
96	7.56565
97	7.56565
98	7.56565
99	7.56565
100	7.56565
101	7.56565
102	7.56565
103	7.56565
104	7.56565
105	7.56565
106	7.56565
107	7.56565
108	7.56565
109	7.56565
110	7.56565
111	7.56565
112	7.56565
113	7.56565
114	7.56565
115	7.56565
116	7.56565
117	7.56565
118	7.56565
119	7.56565
120	7.56565
121	7.56565
122	7.56565
123	7.56565
124	7.56565
125	7.56565
126	7.56565
127	7.56565
128	7.56565
129	7.56565
130	7.56565
131	7.56565
132	7.56565
133	7.56565
134	7.56565
135	7.56565
136	7.56565
137	7.56565
138	7.56565
139	7.56565
140	7.56565
141	7.56565
142	7.56565
143	7.56565
144	7.56565
145	7.56565
146	7.56565
147	7.56565
148	7.56565
149	7.56565
150	7.56565
151	7.56565
152	7.56565
153	7.56565
154	7.56565
155	7.56565
156	8.07217
157	8.07217
158	8.07217
159	8.07217
160	8.07217
161	8.07217
162	8.07217
163	8.07217
164	8.07217
165	8.07217
166	8.07217
167	8.07217
168	8.07217
169	8.07217
170	8.07217
171	8.07217
172	8.07217
173	8.07217
174	8.07217
175	8.07217
176	8.07217
177	8.07217
178	8.07217
179	8.18074
180	8.18074
181	8.18074
182	8.18074
183	8.18074
184	8.31136
185	8.78624
186	8.91434
187	9.61937
188	9.66724
189	9.67623
190	9.67623
191	9.8933
192	9.8933
193	9.8933
194	9.8933
195	9.99235
196	10.4362
197	10.4362
198	11.1076
199	11.4045
