0	9.62564
1	9.62564
2	9.62564
3	9.62564
4	9.62564
5	9.62564
6	9.62564
7	9.62564
8	9.62564
9	9.62564
10	9.62564
11	9.62564
12	10.0122
13	10.0122
14	10.0122
15	10.0122
16	10.0569
17	10.0569
18	10.0569
19	10.0569
20	10.0569
21	10.068
22	10.068
23	10.068
24	10.068
25	10.068
26	10.068
27	10.068
28	10.068
29	10.068
30	10.068
31	10.068
32	10.068
33	10.068
34	10.068
35	10.068
36	10.068
37	10.068
38	10.068
39	10.068
40	10.068
41	10.068
42	10.068
43	10.068
44	10.068
45	10.068
46	10.068
47	10.068
48	10.068
49	10.068
50	10.068
51	10.068
52	10.068
53	10.068
54	10.068
55	10.068
56	10.068
57	10.068
58	10.068
59	10.068
60	10.068
61	10.068
62	10.068
63	10.068
64	10.068
65	10.068
66	10.068
67	10.068
68	10.068
69	10.068
70	10.068
71	10.068
72	10.068
73	10.068
74	10.068
75	10.068
76	10.068
77	10.1176
78	10.1176
79	10.1176
80	10.1377
81	10.1873
82	10.1873
83	10.1873
84	10.1873
85	10.1873
86	10.1873
87	10.1873
88	10.1873
89	10.1873
90	10.1873
91	10.1873
92	10.1873
93	10.1873
94	10.1873
95	10.1873
96	10.3414
97	10.3658
98	10.5361
99	11.1782
