0	8.02043
1	8.02043
2	8.02043
3	8.02043
4	8.02043
5	8.02043
6	8.02043
7	8.02043
8	8.02043
9	8.02043
10	8.02043
11	8.02043
12	8.02043
13	8.02043
14	8.02043
15	8.06271
16	8.06271
17	8.06271
18	8.06271
19	8.06271
20	8.06271
21	8.06271
22	8.06271
23	8.06271
24	8.06271
25	8.06271
26	8.06271
27	8.06271
28	8.06271
29	8.06271
30	8.06271
31	8.06271
32	8.06271
33	8.06271
34	8.06271
35	8.06271
36	8.06271
37	8.06271
38	8.06271
39	8.06271
40	8.06271
41	8.06271
42	8.06271
43	8.06271
44	8.06271
45	8.06271
46	8.06271
47	8.06271
48	8.06271
49	8.26596
50	8.26596
51	8.26596
52	8.26596
53	8.26596
54	8.26596
55	8.26596
56	8.26596
57	8.26596
58	8.26596
59	8.26596
60	8.26596
61	8.26596
62	8.26596
63	8.26596
64	8.26596
65	8.26596
66	8.26596
67	8.26596
68	8.26596
69	8.26596
70	8.26596
71	8.26596
72	8.26596
73	8.26596
74	8.26596
75	8.26596
76	8.41461
77	8.41461
78	8.41461
79	8.41461
80	8.41461
81	8.41461
82	8.41461
83	8.41461
84	8.41461
85	8.41461
86	8.41461
87	8.41461
88	8.41461
89	8.41461
90	8.41461
91	8.41461
92	8.41461
93	8.41461
94	8.41461
95	8.41461
96	8.41461
97	8.41461
98	8.41461
99	11.3422
