0	11.0139
1	11.0139
2	11.0139
3	11.0139
4	11.0139
5	11.0139
6	11.0139
7	11.0139
8	11.0139
9	11.0139
10	11.0139
11	11.0139
12	11.0139
13	11.0139
14	11.0139
15	11.0139
16	11.0139
17	11.0139
18	11.0139
19	11.0139
20	11.0139
21	11.0139
22	11.0139
23	11.0139
24	11.0139
25	11.0139
26	11.0635
27	11.0635
28	11.0635
29	11.0635
30	11.0635
31	11.0635
32	11.0635
33	11.0635
34	11.0635
35	11.0635
36	11.0635
37	11.0635
38	11.0635
39	11.0635
40	11.0635
41	11.0635
42	11.0635
43	11.0635
44	11.0635
45	11.0635
46	11.0635
47	11.0635
48	11.1098
49	11.1329
50	11.1329
51	11.1329
52	11.1329
53	11.1329
54	11.1329
55	11.1329
56	11.1329
57	11.1329
58	11.1923
59	11.1923
60	11.2052
61	11.2052
62	11.2052
63	11.2052
64	11.252
65	11.2548
66	11.2548
67	11.2548
68	11.2548
69	11.2548
70	11.2548
71	11.2548
72	11.2548
73	11.2548
74	11.2548
75	11.2548
76	11.2548
77	11.2548
78	11.2548
79	11.304
80	11.3739
81	11.3739
82	11.3739
83	11.3915
84	11.3915
85	11.3915
86	11.3915
87	11.3915
88	11.4018
89	11.4018
90	11.4018
91	11.4018
92	11.4638
93	11.5092
94	11.5092
95	11.5176
96	11.883
97	12.3289
98	12.6267
99	12.8348
