0	11.7175
1	11.7175
2	11.7175
3	11.7175
4	11.7175
5	11.7175
6	11.7175
7	11.7175
8	11.7175
9	11.7175
10	11.7175
11	11.7175
12	11.7175
13	11.7175
14	11.7175
15	11.7175
16	11.7175
17	11.7175
18	11.806
19	11.806
20	11.9417
21	11.9417
22	11.9417
23	11.9417
24	12.0764
25	12.0764
26	12.0764
27	12.1496
28	12.1496
29	12.1496
30	12.1496
31	12.1496
32	12.1496
33	12.1496
34	12.1496
35	12.1496
36	12.1496
37	12.1496
38	12.1496
39	12.1496
40	12.1496
41	12.1496
42	12.1496
43	12.2687
44	12.3058
45	12.3058
46	12.3058
47	12.3058
48	12.3093
49	12.3818
50	12.3818
51	12.4463
52	12.4519
53	12.5013
54	12.6661
55	12.6661
56	12.6661
57	12.6661
58	12.6661
59	12.6661
60	12.6661
61	12.6661
62	12.6661
63	12.6661
64	12.6661
65	12.6661
66	12.6661
67	12.6661
68	12.6661
69	12.6661
70	12.6661
71	12.6661
72	12.6661
73	12.6661
74	12.6661
75	12.6661
76	12.6661
77	12.6661
78	12.6661
79	12.6661
80	12.6661
81	12.6661
82	12.6661
83	12.6661
84	12.6661
85	12.6661
86	12.6661
87	12.6661
88	12.6661
89	12.6661
90	12.6661
91	12.6661
92	12.6833
93	12.8594
94	12.9432
95	13.3522
96	13.4895
97	14.1634
98	14.1634
99	14.2134
