0	5.35314
1	5.35314
2	5.35314
3	5.35314
4	5.35314
5	5.35314
6	5.35314
7	5.35314
8	5.35314
9	5.35314
10	5.35314
11	5.35314
12	5.35314
13	5.35314
14	5.35314
15	5.35314
16	5.35314
17	5.35314
18	5.44052
19	5.44052
20	5.44052
21	5.44052
22	5.44052
23	5.44052
24	5.44052
25	5.44052
26	5.44052
27	5.44052
28	5.44052
29	5.44052
30	5.44052
31	5.44052
32	5.44052
33	5.44052
34	5.44052
35	5.44052
36	5.44052
37	5.44052
38	5.44052
39	5.44052
40	5.44052
41	5.44052
42	5.44052
43	5.44052
44	5.44052
45	5.44052
46	5.44052
47	5.44052
48	5.44052
49	5.44052
50	5.44052
51	5.44052
52	5.44052
53	5.44052
54	5.44052
55	5.44052
56	5.44052
57	5.44052
58	5.44052
59	5.44052
60	5.44052
61	5.44052
62	5.44052
63	5.44052
64	5.44052
65	5.44052
66	5.44052
67	5.44052
68	5.44052
69	5.44052
70	5.44052
71	5.44052
72	5.44052
73	5.44052
74	5.44052
75	5.44052
76	5.44052
77	5.44052
78	5.44052
79	5.44052
80	5.44052
81	5.44052
82	5.44052
83	5.44052
84	5.44052
85	5.44052
86	5.44052
87	5.44052
88	5.44052
89	5.44052
90	5.44052
91	5.44052
92	5.44052
93	5.53224
94	6.792
95	6.792
96	6.90691
97	6.90691
98	7.3874
99	7.83432
