0	6.23062
1	6.23062
2	6.23062
3	6.23062
4	6.23062
5	6.23062
6	6.23062
7	6.23062
8	6.23062
9	6.23062
10	6.23062
11	6.23062
12	6.23062
13	6.23062
14	6.23062
15	6.23062
16	6.23062
17	6.23062
18	6.23062
19	6.23062
20	6.23062
21	6.23062
22	6.23062
23	6.23062
24	6.23062
25	6.23062
26	6.23062
27	6.23062
28	6.23062
29	6.23062
30	6.23062
31	6.23062
32	6.23062
33	6.23062
34	6.23062
35	6.23062
36	6.23062
37	6.23062
38	6.23062
39	6.23062
40	6.23062
41	6.23062
42	6.23062
43	6.23062
44	6.23062
45	6.23062
46	6.23062
47	6.23062
48	6.23062
49	6.23062
50	6.23062
51	6.23062
52	6.23062
53	6.23062
54	6.23062
55	6.23062
56	6.23062
57	6.23062
58	6.23062
59	6.23062
60	6.23062
61	6.23062
62	6.23062
63	6.23062
64	6.23062
65	6.23062
66	6.23062
67	6.23062
68	6.23062
69	6.23062
70	6.23062
71	6.23062
72	6.23062
73	6.23062
74	6.23062
75	6.23062
76	6.23062
77	6.23062
78	6.23062
79	6.23062
80	6.23062
81	6.23062
82	6.23062
83	6.23062
84	6.23062
85	6.23062
86	6.23062
87	6.23062
88	6.23062
89	6.23062
90	6.23062
91	6.23062
92	6.23062
93	6.23062
94	6.23062
95	6.23062
96	6.23062
97	6.23062
98	6.23062
99	6.23062
100	6.23062
101	6.23062
102	6.23062
103	6.23062
104	6.23062
105	6.23062
106	6.23062
107	6.23062
108	6.23062
109	6.23062
110	6.23062
111	6.23062
112	6.23062
113	6.23062
114	6.23062
115	6.23062
116	6.23062
117	6.23062
118	6.23062
119	6.23062
120	6.23062
121	6.23062
122	6.23062
123	6.23062
124	6.23062
125	6.23062
126	6.23062
127	6.23062
128	6.23062
129	6.23062
130	6.23062
131	6.23062
132	6.23062
133	6.23062
134	6.23062
135	6.23062
136	6.23062
137	6.23062
138	6.23062
139	6.23062
140	6.23062
141	6.23062
142	6.23062
143	6.23062
144	6.23062
145	6.23062
146	6.23062
147	6.23062
148	6.23062
149	6.23062
150	6.23062
151	6.23062
152	6.23062
153	6.23062
154	6.23821
155	6.23821
156	6.23821
157	6.23821
158	6.23821
159	6.23821
160	6.23821
161	6.26187
162	6.26187
163	6.49787
164	6.49787
165	6.49787
166	6.49787
167	6.49787
168	6.67192
169	6.67192
170	7.05609
171	7.67986
172	7.7894
173	7.7894
174	7.7894
175	7.7894
176	7.7894
177	7.79255
178	7.8035
179	7.8035
180	7.8035
181	7.8035
182	7.8035
183	8.12328
184	8.17317
185	8.17317
186	8.31451
187	8.31451
188	8.39587
189	8.67974
190	8.75531
191	9.06135
192	9.30135
193	9.63262
194	9.7776
195	9.7776
196	9.7776
197	9.7776
198	9.7776
199	9.7776
