0	13.8342
1	13.8342
2	13.8342
3	13.8342
4	13.8342
5	13.8342
6	13.8342
7	13.8342
8	13.8342
9	13.8342
10	13.8342
11	13.8342
12	13.8342
13	13.8342
14	13.8342
15	13.9983
16	13.9983
17	13.9983
18	13.9983
19	13.9983
20	14.2494
21	14.2494
22	14.2494
23	14.2622
24	14.2622
25	14.2622
26	14.2622
27	14.4853
28	14.4853
29	14.5191
30	14.5191
31	14.5191
32	14.5191
33	14.5191
34	14.5191
35	14.5191
36	14.5191
37	14.5191
38	14.5191
39	14.5191
40	14.5191
41	14.5191
42	14.5191
43	14.5191
44	14.582
45	14.582
46	14.582
47	14.582
48	14.582
49	14.582
50	14.582
51	14.582
52	14.582
53	14.582
54	14.582
55	14.582
56	14.582
57	14.582
58	14.6015
59	14.642
60	14.642
61	14.642
62	14.642
63	14.642
64	14.642
65	14.642
66	14.642
67	14.642
68	14.642
69	14.642
70	14.642
71	14.642
72	14.642
73	14.642
74	14.642
75	14.642
76	14.642
77	14.642
78	14.642
79	14.642
80	14.642
81	14.642
82	14.642
83	14.642
84	14.6788
85	14.698
86	14.8068
87	14.8265
88	14.952
89	15.0292
90	15.1429
91	15.1435
92	15.2328
93	15.3131
94	15.3992
95	15.4786
96	15.4886
97	15.5068
98	15.5255
99	15.7609
