0	6.23821
1	6.23821
2	6.23821
3	6.23821
4	6.23821
5	6.23821
6	6.23821
7	6.23821
8	6.23821
9	6.23821
10	6.23821
11	6.23821
12	6.23821
13	6.23821
14	6.23821
15	6.23821
16	6.23821
17	6.23821
18	6.23821
19	6.23821
20	6.23821
21	6.23821
22	6.23821
23	6.23821
24	6.23821
25	6.23821
26	6.23821
27	6.23821
28	6.23821
29	6.23821
30	6.23821
31	6.23821
32	6.23821
33	6.23821
34	6.23821
35	6.23821
36	6.23821
37	6.23821
38	6.23821
39	6.23821
40	6.23821
41	6.23821
42	6.23821
43	6.23821
44	6.23821
45	6.23821
46	6.23821
47	6.23821
48	6.23821
49	6.23821
50	6.23821
51	6.23821
52	6.23821
53	6.23821
54	6.23821
55	6.23821
56	6.23821
57	6.23821
58	6.23821
59	6.23821
60	6.23821
61	6.23821
62	6.23821
63	6.23821
64	6.23821
65	6.23821
66	6.23821
67	6.23821
68	6.23821
69	6.23821
70	6.23821
71	6.23821
72	6.23821
73	6.23821
74	6.23821
75	6.23821
76	6.23821
77	6.23821
78	6.23821
79	6.23821
80	6.23821
81	6.23821
82	6.23821
83	6.23821
84	6.23821
85	6.23821
86	6.23821
87	6.23821
88	6.23821
89	6.23821
90	6.23821
91	6.23821
92	6.23821
93	6.23821
94	6.23821
95	6.23821
96	6.23821
97	6.23821
98	6.23821
99	6.23821
100	6.23821
101	6.23821
102	6.23821
103	6.23821
104	6.23821
105	6.23821
106	6.23821
107	6.23821
108	6.23821
109	6.23821
110	6.23821
111	6.23821
112	6.23821
113	6.23821
114	6.23821
115	6.23821
116	6.23821
117	6.23821
118	6.23821
119	6.23821
120	6.23821
121	6.23821
122	6.23821
123	6.23821
124	6.23821
125	6.23821
126	6.23821
127	6.23821
128	6.23821
129	6.23821
130	6.23821
131	6.23821
132	6.23821
133	6.23821
134	6.23821
135	6.23821
136	6.23821
137	6.23821
138	6.23821
139	6.23821
140	6.49787
141	6.49787
142	6.49787
143	6.49787
144	6.49787
145	6.49787
146	6.49787
147	6.49787
148	6.49787
149	6.49787
150	6.49787
151	6.49787
152	6.49787
153	6.49787
154	6.49787
155	6.49787
156	6.49787
157	6.49787
158	6.49787
159	6.49787
160	6.49787
161	6.49787
162	6.49787
163	6.49787
164	6.49787
165	6.49787
166	6.49787
167	6.49787
168	6.49787
169	6.49787
170	6.49787
171	6.49787
172	6.49787
173	6.49787
174	6.49787
175	6.50185
176	6.50185
177	6.52153
178	6.52153
179	6.52153
180	6.52153
181	7.30027
182	7.3088
183	7.31729
184	7.31729
185	7.31729
186	7.43929
187	7.87031
188	7.91059
189	7.98476
190	8.57834
191	8.77186
192	8.77186
193	8.77186
194	8.77186
195	8.77186
196	8.77186
197	8.78117
198	8.78117
199	9.21689
