0	7.81718
1	7.81718
2	7.81718
3	7.81718
4	7.81718
5	7.81718
6	7.81718
7	7.81718
8	7.81718
9	7.81718
10	7.81718
11	7.81718
12	7.81718
13	7.81718
14	7.81718
15	7.81718
16	7.81718
17	8.02043
18	8.02043
19	8.02043
20	8.02043
21	8.02043
22	8.02043
23	8.02043
24	8.02043
25	8.02043
26	8.02043
27	8.02043
28	8.02043
29	8.02043
30	8.02043
31	8.02043
32	8.02043
33	8.02043
34	8.02043
35	8.02043
36	8.02043
37	8.02043
38	8.02043
39	8.03058
40	8.03058
41	8.03058
42	8.06271
43	8.06271
44	8.06271
45	8.06271
46	8.06271
47	8.06271
48	8.06271
49	8.06271
50	8.06271
51	8.06271
52	8.06271
53	8.06271
54	8.06271
55	8.06271
56	8.06271
57	8.06271
58	8.06271
59	8.06271
60	8.06271
61	8.06271
62	8.06271
63	8.06271
64	8.06271
65	8.06271
66	8.06271
67	8.06271
68	8.06271
69	8.06271
70	8.06271
71	8.06271
72	8.19115
73	8.26596
74	8.26596
75	8.26596
76	8.26596
77	8.26596
78	8.26596
79	8.26596
80	8.26596
81	8.26596
82	8.26596
83	8.26596
84	8.26596
85	8.26596
86	8.26596
87	8.26596
88	8.26596
89	8.26596
90	8.26596
91	8.26596
92	8.26596
93	8.26596
94	8.26596
95	8.78067
96	10.4717
97	10.6159
98	10.6159
99	11.2881
