0	6.00222
1	6.00222
2	6.00222
3	6.00222
4	6.00222
5	6.00222
6	6.00222
7	6.00222
8	6.00222
9	6.00222
10	6.00222
11	6.00222
12	6.00222
13	6.00222
14	6.00222
15	6.00222
16	6.00222
17	6.00222
18	6.00222
19	6.00222
20	6.00222
21	6.00222
22	6.00222
23	6.00222
24	6.00222
25	6.00222
26	6.00222
27	6.00222
28	6.00222
29	6.00222
30	6.00222
31	6.00222
32	6.00222
33	6.00222
34	6.00222
35	6.00222
36	6.00222
37	6.00222
38	6.00222
39	6.00222
40	6.00222
41	6.00222
42	6.00222
43	6.00222
44	6.00222
45	6.00222
46	6.00222
47	6.00222
48	6.00222
49	6.00222
50	6.00222
51	6.00222
52	6.00222
53	6.00222
54	6.00222
55	6.00222
56	6.00222
57	6.00222
58	6.00222
59	6.00222
60	6.00222
61	6.00222
62	6.00222
63	6.00222
64	6.00222
65	6.00222
66	6.00222
67	6.00222
68	6.00222
69	6.00222
70	6.00222
71	6.00222
72	6.00222
73	6.00222
74	6.00222
75	6.00222
76	6.00222
77	6.00222
78	6.00222
79	6.00222
80	6.00222
81	6.00222
82	6.00222
83	6.00222
84	6.00222
85	6.00222
86	6.00222
87	6.00222
88	6.00222
89	6.00222
90	6.00222
91	6.00222
92	6.00222
93	6.00222
94	6.00222
95	6.00222
96	6.00222
97	6.00222
98	6.00222
99	6.00222
