0	11.0635
1	11.0635
2	11.0635
3	11.0635
4	11.0635
5	11.0635
6	11.0635
7	11.0635
8	11.0635
9	11.0635
10	11.0635
11	11.0635
12	11.0635
13	11.0635
14	11.0635
15	11.0635
16	11.0635
17	11.0635
18	11.1329
19	11.1329
20	11.1329
21	11.1329
22	11.1329
23	11.1329
24	11.1923
25	11.1923
26	11.1923
27	11.2548
28	11.2548
29	11.2548
30	11.2548
31	11.2548
32	11.2548
33	11.2548
34	11.2548
35	11.2548
36	11.2548
37	11.2548
38	11.2548
39	11.2548
40	11.2548
41	11.2548
42	11.2548
43	11.2548
44	11.2548
45	11.2548
46	11.2548
47	11.2548
48	11.2548
49	11.304
50	11.3739
51	11.3915
52	11.3915
53	11.3915
54	11.3915
55	11.3915
56	11.3915
57	11.3915
58	11.4018
59	11.4018
60	11.4018
61	11.4018
62	11.524
63	11.5855
64	11.5855
65	11.6281
66	11.6281
67	11.6281
68	11.6281
69	11.6281
70	11.6281
71	11.6281
72	11.6281
73	11.6281
74	11.6281
75	11.6281
76	11.6281
77	11.6281
78	11.6281
79	11.6281
80	11.6281
81	11.6281
82	11.6281
83	11.6281
84	11.6281
85	11.6281
86	11.6293
87	11.6293
88	11.6293
89	11.6293
90	11.6293
91	11.6293
92	11.6452
93	11.7175
94	11.7671
95	12.4952
96	12.6376
97	12.663
98	13.0986
99	13.6389
