0	8.34744
1	8.34744
2	8.34744
3	8.34744
4	8.34744
5	8.34744
6	8.34744
7	8.34744
8	8.34744
9	8.34744
10	8.34744
11	8.34744
12	8.34744
13	8.34744
14	8.34744
15	8.34744
16	8.34744
17	8.34744
18	8.34744
19	8.34744
20	8.34744
21	8.34744
22	8.34744
23	8.34744
24	8.34744
25	8.34744
26	8.34744
27	8.34744
28	8.34744
29	8.34744
30	8.34744
31	8.34744
32	8.34744
33	8.34744
34	8.34744
35	8.34744
36	8.34744
37	8.34744
38	8.34744
39	8.34744
40	8.34744
41	8.34744
42	8.34744
43	8.34744
44	8.34744
45	8.34744
46	8.34744
47	8.34744
48	8.34744
49	8.34744
50	8.34744
51	8.34744
52	8.34744
53	8.34744
54	8.34744
55	8.34744
56	8.34744
57	8.34744
58	8.34744
59	8.34744
60	8.34744
61	8.34744
62	8.34744
63	8.34744
64	8.34744
65	8.34744
66	8.34744
67	8.34744
68	8.34744
69	8.34744
70	8.34744
71	8.34744
72	8.34744
73	8.34744
74	8.34744
75	8.34744
76	8.34744
77	8.34744
78	8.34744
79	8.34744
80	8.34744
81	8.34744
82	8.34744
83	8.34744
84	8.34744
85	8.34744
86	8.34744
87	8.34744
88	8.34744
89	8.34744
90	8.34744
91	8.34744
92	8.34744
93	8.34744
94	8.34744
95	8.34744
96	8.34744
97	8.34744
98	8.34744
99	8.34744
100	8.34744
101	8.34744
102	8.34744
103	8.34744
104	8.34744
105	8.34744
106	8.34744
107	8.34744
108	8.34744
109	8.34744
110	8.34744
111	8.34744
112	8.34744
113	8.34744
114	8.34744
115	8.34744
116	8.34744
117	8.34744
118	8.34744
119	8.34744
120	8.34744
121	8.34744
122	8.34744
123	8.34744
124	8.34744
125	8.34744
126	8.34744
127	8.34744
128	8.34744
129	8.34744
130	8.34744
131	8.34744
132	8.34744
133	8.34744
134	8.34744
135	8.34744
136	8.34744
137	8.34744
138	8.34744
139	8.34744
140	8.34744
141	8.34744
142	8.34744
143	8.34744
144	8.34744
145	8.34744
146	8.34744
147	8.34744
148	8.34744
149	8.34744
150	8.43784
151	8.43784
152	8.43784
153	8.43784
154	8.43784
155	8.43784
156	8.43784
157	8.43784
158	8.43784
159	8.51241
160	8.51241
161	8.51241
162	8.51241
163	8.51241
164	8.51241
165	8.65161
166	9.08669
167	9.08669
168	9.09417
169	9.21624
170	9.24069
171	9.24069
172	9.24069
173	9.24069
174	9.24069
175	9.24069
176	9.24069
177	9.24069
178	9.24893
179	9.24893
180	9.24893
181	9.24893
182	9.28898
183	9.28898
184	9.28898
185	9.28898
186	9.28898
187	9.43421
188	9.51773
189	9.53488
190	9.54192
191	9.54192
192	9.61508
193	9.65831
194	9.78221
195	9.78221
196	10.3848
197	10.538
198	11.0403
199	11.6053
