0	6.81805
1	6.81805
2	6.81805
3	6.81805
4	6.81805
5	6.81805
6	6.81805
7	6.81805
8	6.81805
9	6.81805
10	6.81805
11	6.81805
12	6.81805
13	6.81805
14	6.81805
15	6.81805
16	6.81805
17	6.81805
18	6.81805
19	6.81805
20	6.81805
21	6.81805
22	6.81805
23	6.81805
24	6.81805
25	6.81805
26	6.81805
27	6.81805
28	6.81805
29	6.81805
30	6.81805
31	6.81805
32	6.81805
33	6.81805
34	6.81805
35	6.81805
36	6.81805
37	6.81805
38	6.81805
39	6.81805
40	6.81805
41	6.81805
42	6.81805
43	6.81805
44	6.81805
45	6.81805
46	6.81805
47	6.81805
48	6.81805
49	6.81805
50	6.81805
51	6.81805
52	6.81805
53	6.81805
54	6.81805
55	6.81805
56	6.81805
57	6.81805
58	6.81805
59	6.81805
60	6.81805
61	6.81805
62	6.81805
63	6.81805
64	6.81805
65	6.81805
66	6.81805
67	6.81805
68	6.81805
69	6.81805
70	6.81805
71	6.81805
72	6.81805
73	6.81805
74	6.81805
75	6.81805
76	6.81805
77	6.81805
78	6.81805
79	6.81805
80	6.81805
81	6.81805
82	6.81805
83	6.81805
84	6.81805
85	6.81805
86	6.81805
87	6.81805
88	6.81805
89	6.81805
90	6.81805
91	6.81805
92	6.81805
93	6.81805
94	6.81805
95	6.81805
96	6.81805
97	6.81805
98	6.81805
99	6.81805
100	6.81805
101	6.81805
102	6.81805
103	6.81805
104	6.81805
105	6.81805
106	6.81805
107	6.81805
108	6.81805
109	6.81805
110	6.81805
111	6.81805
112	6.81805
113	6.81805
114	6.81805
115	6.81805
116	6.81805
117	6.81805
118	6.81805
119	6.81805
120	6.81805
121	6.81805
122	6.81805
123	6.81805
124	6.81805
125	6.81805
126	6.81805
127	6.81805
128	6.81805
129	6.81805
130	6.81805
131	6.81805
132	6.81805
133	6.81805
134	6.81805
135	6.81805
136	6.81805
137	6.81805
138	6.81805
139	6.81805
140	6.81805
141	6.81805
142	6.81805
143	6.81805
144	6.81805
145	6.81805
146	6.81805
147	6.81805
148	6.81805
149	6.81805
150	6.81805
151	6.81805
152	6.81805
153	6.81805
154	6.81805
155	6.81805
156	6.81805
157	6.81805
158	6.81805
159	6.81805
160	6.81805
161	6.81805
162	6.81805
163	6.81805
164	6.81805
165	6.81805
166	6.81805
167	6.83354
168	7.07278
169	7.07278
170	7.07278
171	7.07278
172	7.1826
173	7.26239
174	7.26239
175	7.26239
176	7.31621
177	7.42383
178	7.42383
179	7.42383
180	7.70279
181	7.73261
182	7.99818
183	7.99818
184	8.1056
185	8.24542
186	8.35959
187	8.51077
188	8.74635
189	8.75694
190	8.80687
191	9.00653
192	9.00653
193	9.05072
194	9.92346
195	9.98147
196	9.98147
197	10.2667
198	10.431
199	10.5785
