0	9.96447
1	9.96447
2	9.96447
3	9.96447
4	9.96447
5	9.96447
6	9.96447
7	9.96447
8	9.96447
9	9.96447
10	9.96447
11	9.96447
12	9.96447
13	9.96447
14	9.96447
15	9.96447
16	9.96447
17	9.96447
18	9.96447
19	9.96447
20	9.96447
21	9.96447
22	9.96447
23	9.96447
24	9.96447
25	9.96447
26	9.96447
27	9.96447
28	9.96447
29	9.96447
30	9.96447
31	9.96447
32	9.96447
33	9.96447
34	9.96447
35	9.96447
36	9.96447
37	9.96447
38	9.96447
39	9.96447
40	9.96447
41	9.96447
42	9.96447
43	9.96447
44	9.96447
45	9.96447
46	9.96447
47	9.96447
48	9.96447
49	9.96447
50	9.96447
51	9.96447
52	9.96447
53	9.96447
54	9.96447
55	9.96447
56	9.96447
57	9.96447
58	9.96447
59	9.96447
60	9.96447
61	9.96447
62	9.96447
63	9.96447
64	9.96447
65	9.96447
66	9.96447
67	9.96447
68	9.96447
69	9.96447
70	9.96447
71	9.96447
72	9.96447
73	9.96447
74	9.96447
75	9.96447
76	9.96447
77	9.96447
78	9.96447
79	9.96447
80	9.96447
81	9.96447
82	9.96447
83	9.96447
84	9.96447
85	9.96447
86	9.96447
87	9.96447
88	9.96447
89	9.96447
90	9.96447
91	9.96447
92	9.96447
93	9.96447
94	9.96447
95	9.96447
96	9.96447
97	9.96447
98	9.96447
99	9.96447
100	9.96447
101	9.96447
102	9.96447
103	9.96447
104	9.96447
105	9.96447
106	9.96447
107	9.96447
108	9.96447
109	9.96447
110	9.96447
111	9.96447
112	9.96447
113	9.96447
114	9.96447
115	9.96447
116	9.96447
117	9.96447
118	9.96447
119	9.96447
120	9.96447
121	9.96447
122	9.96447
123	9.96447
124	9.96447
125	9.96447
126	9.96447
127	9.96447
128	9.96447
129	9.96447
130	9.96447
131	9.96447
132	9.96447
133	9.96447
134	9.96447
135	10.2592
136	10.2592
137	10.2592
138	10.2592
139	10.2592
140	10.2592
141	10.2592
142	10.2592
143	10.2592
144	10.2592
145	10.3319
146	10.3319
147	10.3319
148	10.3319
149	10.3319
150	10.3319
151	10.3319
152	10.3319
153	10.3319
154	10.3319
155	10.3319
156	10.3319
157	10.3319
158	10.3319
159	10.3319
160	10.3319
161	10.3319
162	10.3319
163	10.3319
164	10.3319
165	10.3319
166	10.3319
167	10.3883
168	10.3883
169	10.3883
170	10.3883
171	10.3883
172	10.3883
173	10.3883
174	10.3883
175	10.6602
176	10.6602
177	10.6602
178	10.6602
179	10.6602
180	10.6602
181	10.6602
182	10.7541
183	10.7541
184	10.7666
185	10.8263
186	10.8263
187	10.8263
188	11.2244
189	11.2244
190	11.3257
191	11.6696
192	11.7178
193	11.7178
194	11.8367
195	11.8629
196	11.8629
197	12.6452
198	12.7485
199	12.7485
