0	10.068
1	10.068
2	10.068
3	10.068
4	10.068
5	10.068
6	10.068
7	10.068
8	10.068
9	10.068
10	10.068
11	10.068
12	10.068
13	10.068
14	10.068
15	10.068
16	10.068
17	10.068
18	10.068
19	10.068
20	10.068
21	10.068
22	10.068
23	10.068
24	10.068
25	10.068
26	10.068
27	10.068
28	10.068
29	10.068
30	10.068
31	10.068
32	10.068
33	10.068
34	10.068
35	10.068
36	10.068
37	10.068
38	10.068
39	10.068
40	10.068
41	10.068
42	10.068
43	10.068
44	10.068
45	10.068
46	10.068
47	10.068
48	10.068
49	10.1377
50	10.1377
51	10.1377
52	10.1873
53	10.1873
54	10.1873
55	10.1873
56	10.1873
57	10.1873
58	10.1873
59	10.1873
60	10.1873
61	10.1873
62	10.1873
63	10.1873
64	10.1873
65	10.1873
66	10.1873
67	10.1873
68	10.1873
69	10.1873
70	10.1873
71	10.2037
72	10.2037
73	10.3022
74	10.3064
75	10.3064
76	10.3064
77	10.3064
78	10.3064
79	10.3141
80	10.325
81	10.325
82	10.325
83	10.325
84	10.325
85	10.325
86	10.3382
87	10.3414
88	10.3414
89	10.3414
90	10.3414
91	10.3414
92	10.3414
93	10.3414
94	10.3414
95	10.3658
96	10.3658
97	10.4006
98	12.0598
99	12.3533
