#	BLOCK:	ACTUAL_T:	T_AVE:	ERROR:
	1	0.502985	0.502985	0
	2	0.538064	0.520525	0.0124024
	3	0.617473	0.552841	0.027651
	4	0.662602	0.580281	0.0315405
	5	0.704921	0.605209	0.0336719
	6	0.724333	0.625063	0.0334042
	7	0.739023	0.641343	0.0323571
	8	0.694026	0.647928	0.0289748
	9	0.684279	0.651967	0.0260354
	10	0.726169	0.659387	0.0244664
	11	0.73265	0.666048	0.0231309
	12	0.75643	0.67358	0.0223961
	13	0.757741	0.680054	0.0215887
	14	0.766103	0.6862	0.0209033
	15	0.779931	0.692449	0.0204224
	16	0.756848	0.696474	0.0195386
	17	0.724173	0.698103	0.0184571
	18	0.744682	0.700691	0.0176122
	19	0.760937	0.703862	0.0169683
	20	0.749805	0.706159	0.0162746
	21	0.769211	0.709161	0.0157742
	22	0.79186	0.71292	0.0154986
	23	0.779275	0.715805	0.0150908
	24	0.78516	0.718695	0.0147361
	25	0.790915	0.721584	0.0144271
	26	0.795639	0.724432	0.0141506
	27	0.817209	0.727868	0.0140375
	28	0.845926	0.732085	0.0141552
	29	0.8642	0.73664	0.0143815
	30	0.850859	0.740448	0.0143973
	31	0.854953	0.744141	0.0143989
	32	0.839301	0.747115	0.0142527
	33	0.82949	0.749611	0.0140377
	34	0.848308	0.752514	0.0139217
	35	0.864102	0.755702	0.0138842
	36	0.865933	0.758764	0.0138321
	37	0.831416	0.760728	0.0135969
	38	0.841512	0.762854	0.0134042
	39	0.889162	0.766092	0.0134461
	40	0.903485	0.769527	0.0135415
	41	0.890848	0.772486	0.0135307
	42	0.856906	0.774496	0.013357
	43	0.863692	0.776571	0.0132065
	44	0.833813	0.777872	0.0129702
	45	0.841629	0.779288	0.0127592
	46	0.857939	0.780998	0.0125958
	47	0.842299	0.782303	0.0123952
	48	0.896295	0.784677	0.0123623
	49	0.913856	0.787314	0.012388
	50	0.866203	0.788891	0.0122403
	51	0.820183	0.789505	0.0120156
	52	0.806585	0.789833	0.0117891
	53	0.825231	0.790501	0.0115855
	54	0.805614	0.790781	0.0113744
	55	0.831791	0.791527	0.011192
	56	0.833773	0.792281	0.0110175
	57	0.831459	0.792969	0.0108456
	58	0.805042	0.793177	0.0106606
	59	0.791433	0.793147	0.01048
	60	0.76541	0.792685	0.0103155
	61	0.77109	0.792331	0.0101525
	62	0.809554	0.792609	0.00999252
	63	0.817109	0.792998	0.00984148
	64	0.803725	0.793165	0.00968913
	65	0.810419	0.793431	0.0095437
	66	0.835651	0.79407	0.00942052
	67	0.806392	0.794254	0.00928171
	68	0.816618	0.794583	0.00915104
	69	0.80767	0.794773	0.00902038
	70	0.819903	0.795132	0.00889866
	71	0.768135	0.794752	0.00878144
	72	0.751884	0.794156	0.00867964
	73	0.785541	0.794038	0.00856154
	74	0.773728	0.793764	0.00845024
	75	0.78411	0.793635	0.00833855
	76	0.767365	0.793289	0.008236
	77	0.805969	0.793454	0.00813068
	78	0.82308	0.793834	0.00803531
	79	0.859635	0.794667	0.00797665
	80	0.859555	0.795478	0.00791807
	81	0.811577	0.795677	0.00782281
	82	0.779542	0.79548	0.00772989
	83	0.796812	0.795496	0.00763677
	84	0.820358	0.795792	0.00755159
	85	0.847567	0.796401	0.00748728
	86	0.824817	0.796731	0.0074075
	87	0.848763	0.797329	0.00734646
	88	0.861529	0.798059	0.00729911
	89	0.877097	0.798947	0.00727092
	90	0.893411	0.799997	0.0072655
	91	0.855598	0.800608	0.0072113
	92	0.865187	0.80131	0.007167
	93	0.840497	0.801731	0.00710231
	94	0.835683	0.802092	0.00703593
	95	0.826074	0.802345	0.0069664
	96	0.821434	0.802543	0.00689667
	97	0.838081	0.80291	0.00683529
	98	0.797346	0.802853	0.00676578
	99	0.774311	0.802565	0.00670358
	100	0.754585	0.802085	0.00665369
	101	0.769089	0.801758	0.00659583
	102	0.743354	0.801186	0.00655597
	103	0.75295	0.800717	0.00650903
	104	0.774951	0.80047	0.00645115
	105	0.737858	0.799873	0.00641721
	106	0.728025	0.799195	0.00639237
	107	0.742622	0.798667	0.00635446
	108	0.75543	0.798266	0.00630822
	109	0.752504	0.797847	0.0062643
	110	0.78413	0.797722	0.00620859
	111	0.783809	0.797597	0.00615393
	112	0.789012	0.79752	0.00609946
	113	0.773182	0.797305	0.00604928
	114	0.792879	0.797266	0.00599634
	115	0.784137	0.797152	0.00594529
	116	0.768719	0.796906	0.00589908
	117	0.793744	0.796879	0.00584873
	118	0.797483	0.796885	0.00579916
	119	0.806279	0.796963	0.00575097
	120	0.833969	0.797272	0.00571131
	121	0.841901	0.797641	0.005676
	122	0.865508	0.798197	0.00565667
	123	0.815349	0.798336	0.0056124
	124	0.778548	0.798177	0.00556941
	125	0.773016	0.797976	0.00552849
	126	0.792942	0.797936	0.00548476
	127	0.785644	0.797839	0.00544242
	128	0.790921	0.797785	0.00540017
	129	0.821394	0.797968	0.00536141
	130	0.826	0.798183	0.0053245
	131	0.803354	0.798223	0.00528401
	132	0.799437	0.798232	0.00524398
	133	0.792316	0.798188	0.00520474
	134	0.79401	0.798156	0.005166
	135	0.80841	0.798232	0.00512829
	136	0.833407	0.798491	0.0050971
	137	0.837016	0.798772	0.00506764
	138	0.84614	0.799115	0.00504253
	139	0.854955	0.799517	0.00502223
	140	0.812806	0.799612	0.00498726
	141	0.84084	0.799904	0.00496045
	142	0.860027	0.800328	0.00494355
	143	0.866622	0.800791	0.00493067
	144	0.841949	0.801077	0.00490471
	145	0.904735	0.801792	0.00492271
	146	0.883455	0.802352	0.00492066
	147	0.847014	0.802655	0.00489656
	148	0.811065	0.802712	0.0048638
	149	0.830247	0.802897	0.00483467
	150	0.809954	0.802944	0.00480267
	151	0.806552	0.802968	0.00477092
	152	0.802909	0.802968	0.00473953
	153	0.795918	0.802921	0.00470878
	154	0.830564	0.803101	0.00468162
	155	0.858595	0.803459	0.00466509
	156	0.88881	0.804006	0.00466716
	157	0.863362	0.804384	0.00465272
	158	0.869319	0.804795	0.00464139
	159	0.874368	0.805233	0.00463278
	160	0.852321	0.805527	0.00461316
	161	0.849773	0.805802	0.00459269
	162	0.883265	0.80628	0.00458916
	163	0.895119	0.806825	0.00459326
	164	0.885201	0.807303	0.00459004
	165	0.841192	0.807508	0.00456682
	166	0.813837	0.807546	0.00453947
	167	0.822441	0.807636	0.00451316
	168	0.813126	0.807668	0.00448641
	169	0.79827	0.807613	0.00446021
	170	0.782459	0.807465	0.00443643
	171	0.795255	0.807393	0.00441106
	172	0.812222	0.807421	0.0043855
	173	0.779644	0.807261	0.00436309
	174	0.801784	0.807229	0.00433813
	175	0.821963	0.807314	0.00431416
	176	0.79581	0.807248	0.00429014
	177	0.809958	0.807264	0.00426593
	178	0.831696	0.807401	0.00424417
	179	0.82363	0.807491	0.00422143
	180	0.853522	0.807747	0.00420571
	181	0.844169	0.807948	0.00418729
	182	0.814903	0.807987	0.00416446
	183	0.818734	0.808045	0.00414211
	184	0.857145	0.808312	0.00412819
	185	0.846896	0.808521	0.00411114
	186	0.856824	0.80878	0.00409723
	187	0.865136	0.809082	0.00408639
	188	0.877224	0.809444	0.0040807
	189	0.869032	0.80976	0.00407127
	190	0.82107	0.809819	0.00405027
	191	0.79707	0.809752	0.00402962
	192	0.834008	0.809879	0.00401061
	193	0.834818	0.810008	0.00399191
	194	0.777045	0.809838	0.00397495
	195	0.77052	0.809636	0.00395967
	196	0.761214	0.809389	0.00394717
	197	0.766146	0.80917	0.00393323
	198	0.794419	0.809095	0.00391407
	199	0.812343	0.809112	0.00389444
	200	0.804439	0.809088	0.00387504
	201	0.820512	0.809145	0.00385618
	202	0.813443	0.809166	0.00383714
	203	0.80035	0.809123	0.00381849
	204	0.796196	0.80906	0.0038003
	205	0.793814	0.808985	0.00378249
	206	0.814232	0.809011	0.00376421
	207	0.802621	0.80898	0.00374615
	208	0.820628	0.809036	0.00372856
	209	0.812945	0.809054	0.00371077
	210	0.835295	0.809179	0.0036952
	211	0.816821	0.809216	0.00367786
	212	0.787684	0.809114	0.00366192
	213	0.785427	0.809003	0.00364641
	214	0.80552	0.808987	0.00362941
	215	0.816008	0.809019	0.00361268
	216	0.85223	0.809219	0.00360149
	217	0.843762	0.809378	0.00358841
	218	0.80741	0.809369	0.00357196
	219	0.807246	0.80936	0.00355566
	220	0.833859	0.809471	0.00354124
	221	0.792507	0.809394	0.00352605
	222	0.786667	0.809292	0.00351165
	223	0.765386	0.809095	0.00350142
	224	0.755231	0.808855	0.00349404
	225	0.764833	0.808659	0.00348398
	226	0.784174	0.808551	0.00347025
	227	0.77809	0.808416	0.00345755
	228	0.779057	0.808288	0.00344479
	229	0.810621	0.808298	0.00342976
	230	0.793345	0.808233	0.00341546
	231	0.792079	0.808163	0.00340139
	232	0.778204	0.808034	0.00338918
	233	0.793848	0.807973	0.00337518
	234	0.853267	0.808166	0.00336631
	235	0.832056	0.808268	0.00335352
	236	0.849892	0.808444	0.00334394
	237	0.823993	0.80851	0.00333047
	238	0.805235	0.808496	0.00331651
	239	0.815637	0.808526	0.00330277
	240	0.816607	0.80856	0.00328918
	241	0.809564	0.808564	0.00327553
	242	0.834906	0.808673	0.0032638
	243	0.833648	0.808776	0.00325199
	244	0.802907	0.808752	0.00323875
	245	0.795578	0.808698	0.00322598
	246	0.857951	0.808898	0.00321907
	247	0.865387	0.809127	0.00321415
	248	0.868917	0.809368	0.00321022
	249	0.900628	0.809734	0.00321818
	250	0.870077	0.809976	0.00321435
	251	0.84019	0.810096	0.0032038
	252	0.850512	0.810256	0.0031951
	253	0.885912	0.810556	0.00319643
	254	0.917349	0.810976	0.00321138
	255	0.887661	0.811277	0.00321283
	256	0.861303	0.811472	0.00320622
	257	0.857362	0.811651	0.00319871
	258	0.879131	0.811912	0.00319699
	259	0.903895	0.812267	0.00320431
	260	0.913476	0.812657	0.00321555
	261	0.922052	0.813076	0.00323043
	262	0.885245	0.813351	0.00322982
	263	0.886863	0.813631	0.00322961
	264	0.899325	0.813955	0.00323365
	265	0.856563	0.814116	0.00322544
	266	0.871888	0.814333	0.00322062
	267	0.939867	0.814803	0.00324269
	268	0.937127	0.81526	0.00326256
	269	0.938709	0.815719	0.00328255
	270	0.923431	0.816118	0.00329454
	271	0.897932	0.81642	0.00329619
	272	0.861516	0.816585	0.00328824
	273	0.846763	0.816696	0.00327805
	274	0.849645	0.816816	0.00326829
	275	0.846446	0.816924	0.00325818
	276	0.831115	0.816975	0.00324678
	277	0.822203	0.816994	0.00323512
	278	0.791123	0.816901	0.00322482
	279	0.808917	0.816873	0.00321339
	280	0.814205	0.816863	0.00320192
	281	0.838282	0.816939	0.00319144
	282	0.848456	0.817051	0.00318208
	283	0.829449	0.817095	0.00317113
	284	0.846445	0.817198	0.00316165
	285	0.888178	0.817447	0.00316035
	286	0.844213	0.817541	0.00315069
	287	0.833111	0.817595	0.00314018
	288	0.860217	0.817743	0.00313276
	289	0.915757	0.818082	0.00314022
	290	0.953864	0.81855	0.00316411
	291	0.96651	0.819059	0.00319382
	292	0.983066	0.819621	0.0032319
	293	0.995437	0.820221	0.0032761
	294	0.939572	0.820627	0.00329001
	295	0.913188	0.82094	0.00329379
	296	0.876897	0.821129	0.00328808
	297	0.872267	0.821302	0.00328151
	298	0.8827	0.821508	0.00327696
	299	0.873802	0.821683	0.00327067
	300	0.883335	0.821888	0.00326622
	301	0.863117	0.822025	0.00325823
	302	0.8764	0.822205	0.00325242
	303	0.873985	0.822376	0.00324617
	304	0.89336	0.822609	0.00324388
	305	0.863252	0.822743	0.00323598
	306	0.90249	0.823003	0.00323588
	307	0.904208	0.823268	0.00323613
	308	0.87338	0.823431	0.00322971
	309	0.875833	0.8236	0.00322371
	310	0.851129	0.823689	0.00321453
	311	0.845012	0.823757	0.00320493
	312	0.842987	0.823819	0.00319525
	313	0.908431	0.824089	0.00319646
	314	0.861063	0.824207	0.00318844
	315	0.870938	0.824356	0.00318177
	316	0.840522	0.824407	0.00317211
	317	0.845726	0.824474	0.00316282
	318	0.844388	0.824537	0.00315349
	319	0.820095	0.824523	0.00314364
	320	0.823326	0.824519	0.00313382
	321	0.858929	0.824626	0.00312589
	322	0.852526	0.824713	0.00311738
	323	0.88768	0.824908	0.00311382
	324	0.911998	0.825176	0.00311579
	325	0.891765	0.825381	0.00311293
	326	0.89815	0.825605	0.00311137
	327	0.885303	0.825787	0.00310721
	328	0.873023	0.825931	0.00310107
	329	0.851641	0.826009	0.00309263
	330	0.850281	0.826083	0.00308414
	331	0.860038	0.826185	0.00307652
	332	0.868649	0.826313	0.00306991
	333	0.85259	0.826392	0.00306171
	334	0.820871	0.826376	0.00305259
	335	0.80918	0.826324	0.00304391
	336	0.842606	0.826373	0.00303523
	337	0.850417	0.826444	0.00302706
	338	0.868465	0.826569	0.00302066
	339	0.90623	0.826804	0.00302088
	340	0.847467	0.826864	0.0030126
	341	0.802252	0.826792	0.00300463
	342	0.795711	0.826701	0.00299722
	343	0.769449	0.826534	0.00299313
	344	0.800482	0.826459	0.00298538
	345	0.821266	0.826444	0.00297677
	346	0.805315	0.826382	0.00296879
	347	0.841347	0.826426	0.00296055
	348	0.827644	0.826429	0.00295204
	349	0.790418	0.826326	0.00294539
	350	0.782026	0.826199	0.00293969
	351	0.782472	0.826075	0.00293395
	352	0.795418	0.825988	0.00292691
	353	0.826008	0.825988	0.00291862
	354	0.815082	0.825957	0.00291054
	355	0.79155	0.82586	0.00290395
	356	0.797331	0.82578	0.0028969
	357	0.847528	0.825841	0.00288943
	358	0.850836	0.825911	0.0028822
	359	0.833555	0.825932	0.00287425
	360	0.839547	0.82597	0.00286651
	361	0.819057	0.825951	0.00285864
	362	0.809551	0.825905	0.0028511
	363	0.780991	0.825782	0.00284593
	364	0.802435	0.825717	0.00283883
	365	0.817431	0.825695	0.00283115
	366	0.825411	0.825694	0.00282341
	367	0.775817	0.825558	0.00281899
	368	0.793833	0.825472	0.00281264
	369	0.845907	0.825527	0.00280557
	370	0.88031	0.825675	0.00280189
	371	0.898787	0.825872	0.00280126
	372	0.910664	0.8261	0.00280299
	373	0.905526	0.826313	0.00280355
	374	0.893423	0.826493	0.00280179
	375	0.878797	0.826632	0.00279779
	376	0.86173	0.826725	0.0027919
	377	0.858242	0.826809	0.00278575
	378	0.849015	0.826868	0.002779
	379	0.845026	0.826916	0.00277208
	380	0.841244	0.826953	0.00276504
	381	0.863548	0.827049	0.00275945
	382	0.857393	0.827129	0.00275337
	383	0.849397	0.827187	0.00274679
	384	0.850941	0.827249	0.00274034
	385	0.814869	0.827217	0.00273341
	386	0.809594	0.827171	0.00272671
	387	0.825299	0.827166	0.00271967
	388	0.845322	0.827213	0.00271306
	389	0.85577	0.827286	0.00270708
	390	0.866759	0.827388	0.00270203
	391	0.860234	0.827472	0.00269642
	392	0.846778	0.827521	0.00269
	393	0.850989	0.827581	0.00268381
	394	0.85103	0.82764	0.00267766
	395	0.822753	0.827628	0.00267091
	396	0.809959	0.827583	0.00266454
	397	0.823197	0.827572	0.00265785
	398	0.827262	0.827571	0.00265117
	399	0.862744	0.827659	0.00264599
	400	0.871024	0.827768	0.0026416
	401	0.832748	0.82778	0.00263504
	402	0.845502	0.827824	0.00262885
	403	0.838827	0.827852	0.00262247
	404	0.837492	0.827876	0.00261609
	405	0.855363	0.827943	0.00261051
	406	0.854256	0.828008	0.00260488
	407	0.854097	0.828072	0.00259927
	408	0.892035	0.828229	0.00259763
	409	0.918375	0.82845	0.00260061
	410	0.923212	0.828681	0.00260452
	411	0.908346	0.828874	0.00260538
	412	0.883474	0.829007	0.00260243
	413	0.853848	0.829067	0.00259682
	414	0.850225	0.829118	0.00259105
	415	0.872901	0.829224	0.00258695
	416	0.868892	0.829319	0.00258249
	417	0.892655	0.829471	0.00258076
	418	0.90591	0.829654	0.00258106
	419	0.897112	0.829815	0.00257991
	420	0.894982	0.82997	0.00257843
	421	0.884924	0.830101	0.00257561
	422	0.842023	0.830129	0.00256966
	423	0.825502	0.830118	0.00256361
	424	0.849176	0.830163	0.00255796
	425	0.821083	0.830141	0.00255203
	426	0.824016	0.830127	0.00254608
	427	0.836254	0.830141	0.00254016
	428	0.875373	0.830247	0.00253642
	429	0.884498	0.830374	0.00253366
	430	0.859883	0.830442	0.00252869
	431	0.874935	0.830545	0.00252493
	432	0.893656	0.830691	0.00252331
	433	0.88431	0.830815	0.00252052
	434	0.856945	0.830876	0.00251543
	435	0.857942	0.830938	0.00251042
	436	0.868303	0.831023	0.00250612
	437	0.849274	0.831065	0.00250074
	438	0.879929	0.831177	0.00249751
	439	0.891948	0.831315	0.00249566
	440	0.857541	0.831375	0.0024907
	441	0.837165	0.831388	0.00248508
	442	0.894432	0.831531	0.00248355
	443	0.890352	0.831663	0.00248149
	444	0.872712	0.831756	0.00247763
	445	0.839655	0.831774	0.00247212
	446	0.854454	0.831824	0.0024671
	447	0.86368	0.831896	0.00246261
	448	0.881542	0.832006	0.00245961
	449	0.884223	0.832123	0.00245688
	450	0.864232	0.832194	0.00245245
	451	0.857714	0.832251	0.00244767
	452	0.887953	0.832374	0.00244535
	453	0.912239	0.83255	0.0024463
	454	0.908145	0.832717	0.00244657
	455	0.887878	0.832838	0.0024442
	456	0.888656	0.83296	0.0024419
	457	0.86506	0.833031	0.00243757
	458	0.844573	0.833056	0.00243238
	459	0.827601	0.833044	0.00242711
	460	0.851758	0.833085	0.00242217
	461	0.875382	0.833176	0.00241865
	462	0.866517	0.833249	0.00241449
	463	0.895269	0.833383	0.00241299
	464	0.953983	0.833642	0.00242175
	465	0.925468	0.83384	0.00242458
	466	0.840664	0.833855	0.00241942
	467	0.84691	0.833883	0.0024144
	468	0.876616	0.833974	0.00241097
	469	0.869939	0.834051	0.00240705
	470	0.902321	0.834196	0.00240631
	471	0.886482	0.834307	0.00240376
	472	0.88343	0.834411	0.00240091
	473	0.904052	0.834558	0.00240035
	474	0.903918	0.834704	0.00239974
	475	0.950836	0.834949	0.00240711
	476	0.960648	0.835213	0.0024165
	477	0.957068	0.835468	0.0024249
	478	0.955134	0.835719	0.00243271
	479	0.907472	0.835869	0.00243224
	480	0.896006	0.835994	0.0024304
	481	0.881252	0.836088	0.00242717
	482	0.870368	0.836159	0.00242317
	483	0.898058	0.836287	0.00242154
	484	0.89194	0.836402	0.00241927
	485	0.897952	0.836529	0.0024176
	486	0.909525	0.836679	0.00241729
	487	0.911106	0.836832	0.00241715
	488	0.938213	0.83704	0.00242111
	489	0.906902	0.837183	0.00242037
	490	0.939614	0.837392	0.00242444
	491	0.896267	0.837512	0.00242247
	492	0.902301	0.837643	0.00242112
	493	0.875743	0.837721	0.00241744
	494	0.885414	0.837817	0.00241448
	495	0.887305	0.837917	0.00241167
	496	0.897226	0.838037	0.00240977
	497	0.880834	0.838123	0.00240646
	498	0.861864	0.838171	0.0024021
	499	0.829041	0.838152	0.00239735
	500	0.800286	0.838077	0.00239375
	501	0.829205	0.838059	0.00238904
	502	0.82852	0.83804	0.00238436
	503	0.794349	0.837953	0.0023812
	504	0.794722	0.837867	0.00237802
	505	0.76108	0.837715	0.00237817
	506	0.752169	0.837546	0.00237947
	507	0.773822	0.83742	0.00237809
	508	0.761589	0.837271	0.00237809
	509	0.80893	0.837215	0.00237407
	510	0.814214	0.83717	0.00236985
	511	0.866889	0.837228	0.00236592
	512	0.899019	0.837349	0.00236438
	513	0.882921	0.837438	0.00236144
	514	0.859337	0.837481	0.00235723
	515	0.829518	0.837465	0.0023527
	516	0.81932	0.83743	0.0023484
	517	0.839998	0.837435	0.00234387
	518	0.829351	0.837419	0.00233939
	519	0.804025	0.837355	0.00233577
	520	0.79382	0.837271	0.00233278
	521	0.815095	0.837229	0.00232869
	522	0.864298	0.837281	0.0023248
	523	0.871052	0.837345	0.00232126
	524	0.825405	0.837322	0.00231694
	525	0.812295	0.837275	0.00231302
	526	0.823475	0.837248	0.00230877
	527	0.856872	0.837286	0.00230469
	528	0.877396	0.837362	0.00230157
	529	0.870009	0.837423	0.00229805
	530	0.850737	0.837448	0.00229385
	531	0.860184	0.837491	0.00228993
	532	0.866565	0.837546	0.00228628
	533	0.854814	0.837578	0.00228222
	534	0.8799	0.837658	0.00227932
	535	0.870369	0.837719	0.00227588
	536	0.879705	0.837797	0.00227298
	537	0.843394	0.837808	0.00226877
	538	0.850484	0.837831	0.00226468
	539	0.87531	0.837901	0.00226154
	540	0.837773	0.8379	0.00225736
	541	0.857063	0.837936	0.00225346
	542	0.875766	0.838006	0.00225038
	543	0.89253	0.838106	0.00224848
	544	0.889135	0.8382	0.0022463
	545	0.850541	0.838222	0.00224229
	546	0.848439	0.838241	0.00223826
	547	0.837446	0.83824	0.00223417
	548	0.823341	0.838213	0.00223026
	549	0.774078	0.838096	0.00222926
	550	0.786152	0.838001	0.0022272
	551	0.808859	0.837948	0.00222379
	552	0.789196	0.83786	0.00222151
	553	0.814472	0.837818	0.0022179
	554	0.813495	0.837774	0.00221433
	555	0.816694	0.837736	0.00221067
	556	0.805734	0.837678	0.00220744
	557	0.824591	0.837655	0.0022036
	558	0.822665	0.837628	0.00219982
	559	0.815963	0.837589	0.00219622
	560	0.853775	0.837618	0.00219249
	561	0.827802	0.837601	0.00218865
	562	0.833366	0.837593	0.00218477
	563	0.846017	0.837608	0.00218094
	564	0.889821	0.837701	0.00217904
	565	0.898202	0.837808	0.00217781
	566	0.878489	0.83788	0.00217515
	567	0.869919	0.837936	0.00217205
	568	0.841617	0.837943	0.00216823
	569	0.830138	0.837929	0.00216446
	570	0.795807	0.837855	0.00216193
	571	0.811487	0.837809	0.00215864
	572	0.816385	0.837771	0.00215519
	573	0.804608	0.837713	0.0021522
	574	0.804649	0.837656	0.00214922
	575	0.786599	0.837567	0.00214732
	576	0.805232	0.837511	0.00214433
	577	0.814574	0.837471	0.00214098
	578	0.798618	0.837404	0.00213833
	579	0.808242	0.837354	0.00213523
	580	0.7951	0.837281	0.00213279
	581	0.772087	0.837168	0.00213207
	582	0.787635	0.837083	0.0021301
	583	0.774927	0.836977	0.00212912
	584	0.754813	0.836836	0.00213011
	585	0.75448	0.836695	0.00213112
	586	0.785821	0.836608	0.00212925
	587	0.829424	0.836596	0.00212566
	588	0.820542	0.836569	0.00212222
	589	0.846897	0.836586	0.00211869
	590	0.871092	0.836645	0.0021159
	591	0.855393	0.836677	0.00211256
	592	0.878333	0.836747	0.00211016
	593	0.82385	0.836725	0.00210672
	594	0.808196	0.836677	0.00210372
	595	0.830253	0.836666	0.00210021
	596	0.837419	0.836668	0.00209669
	597	0.851026	0.836692	0.00209331
	598	0.856441	0.836725	0.00209007
	599	0.823838	0.836703	0.00208669
	600	0.838747	0.836707	0.00208322
