#	BLOCK:	ACTUAL_T:	T_AVE:	ERROR:
	1	0.605103	0.605103	0
	2	0.672187	0.638645	0.0237176
	3	0.735614	0.670968	0.0307656
	4	0.783664	0.699142	0.033582
	5	0.786359	0.716586	0.0310673
	6	0.805274	0.731367	0.0291948
	7	0.785316	0.739074	0.0260215
	8	0.781363	0.74436	0.0232996
	9	0.786488	0.749041	0.0211757
	10	0.803431	0.75448	0.0197443
	11	0.796629	0.758312	0.0183174
	12	0.828741	0.764181	0.0177063
	13	0.845573	0.770442	0.017416
	14	0.837767	0.775251	0.0168229
	15	0.827729	0.778749	0.016061
	16	0.873375	0.784663	0.0161093
	17	0.898355	0.791351	0.0164916
	18	0.904783	0.797653	0.0167361
	19	0.860123	0.800941	0.016175
	20	0.899958	0.805892	0.0161061
	21	0.914399	0.811059	0.0161467
	22	0.907089	0.815424	0.0159919
	23	0.929695	0.820392	0.0160499
	24	0.916584	0.8244	0.0158737
	25	0.911831	0.827897	0.0156192
	26	0.902528	0.830768	0.01528
	27	0.921854	0.834141	0.0150819
	28	0.97793	0.839276	0.0153927
	29	0.960157	0.843445	0.015416
	30	0.947162	0.846902	0.0152848
	31	0.965516	0.850728	0.0152632
	32	0.940792	0.853543	0.0150435
	33	0.967753	0.857004	0.0149804
	34	0.938363	0.859397	0.0147297
	35	0.962205	0.862334	0.0145988
	36	0.945085	0.864633	0.0143731
	37	0.925671	0.866282	0.014079
	38	0.92142	0.867733	0.0137831
	39	0.935159	0.869462	0.0135376
	40	0.912591	0.87054	0.0132421
	41	0.894647	0.871128	0.0129321
	42	0.923572	0.872377	0.0126844
	43	0.980212	0.874885	0.0126349
	44	0.98879	0.877474	0.0126101
	45	0.933462	0.878718	0.0123911
	46	0.925542	0.879736	0.0121635
	47	0.913155	0.880447	0.0119255
	48	0.92525	0.88138	0.0117135
	49	0.950977	0.8828	0.0115602
	50	0.946632	0.884077	0.0113993
	51	0.937662	0.885128	0.0112241
	52	0.922666	0.88585	0.0110314
	53	0.943709	0.886941	0.0108772
	54	0.943066	0.887981	0.0107253
	55	0.892652	0.888066	0.0105306
	56	0.88866	0.888076	0.0103426
	57	0.916652	0.888578	0.0101733
	58	0.922704	0.889166	0.0100149
	59	0.927772	0.88982	0.00986648
	60	0.932465	0.890531	0.00972761
	61	0.943514	0.8914	0.00960684
	62	0.88393	0.891279	0.00945264
	63	0.869249	0.890929	0.00930907
	64	0.854908	0.890367	0.00918061
	65	0.879483	0.890199	0.0090409
	66	0.899108	0.890334	0.00890492
	67	0.906996	0.890583	0.00877549
	68	0.858037	0.890104	0.00865948
	69	0.89626	0.890193	0.00853444
	70	0.882345	0.890081	0.00841325
	71	0.852772	0.889556	0.00831115
	72	0.885588	0.889501	0.0081959
	73	0.892182	0.889537	0.00808371
	74	0.882407	0.889441	0.00797505
	75	0.917386	0.889814	0.00787741
	76	0.937159	0.890437	0.00779835
	77	0.91114	0.890706	0.00770171
	78	0.909773	0.89095	0.00760685
	79	0.9393	0.891562	0.00753514
	80	0.959216	0.892408	0.00748826
	81	0.979475	0.893483	0.00747256
	82	0.94964	0.894167	0.00741275
	83	0.9428	0.894753	0.00734656
	84	0.914443	0.894988	0.00726284
	85	0.878568	0.894795	0.00717996
	86	0.891969	0.894762	0.00709655
	87	0.90331	0.89486	0.00701566
	88	0.863791	0.894507	0.00694481
	89	0.867919	0.894208	0.00687321
	90	0.870716	0.893947	0.00680179
	91	0.907637	0.894098	0.00672871
	92	0.933124	0.894522	0.00666893
	93	0.92097	0.894806	0.00660328
	94	0.904852	0.894913	0.0065339
	95	0.890783	0.89487	0.00646527
	96	0.860595	0.894513	0.00640777
	97	0.855417	0.89411	0.00635437
	98	0.858528	0.893746	0.0062999
	99	0.86225	0.893428	0.00624429
	100	0.878562	0.89328	0.00618362
	101	0.870618	0.893055	0.00612646
	102	0.888874	0.893014	0.00606654
	103	0.902305	0.893104	0.00600831
	104	0.883127	0.893009	0.0059513
	105	0.91209	0.89319	0.0058974
	106	0.946738	0.893695	0.00586336
	107	0.964939	0.894361	0.00584624
	108	0.944457	0.894825	0.00581048
	109	0.922595	0.89508	0.00576276
	110	0.904099	0.895162	0.00571095
	111	0.925763	0.895438	0.00566615
	112	0.909396	0.895562	0.00561693
	113	0.885568	0.895474	0.00556792
	114	0.891161	0.895436	0.00551921
	115	0.890724	0.895395	0.00547137
	116	0.932112	0.895711	0.00543335
	117	0.926367	0.895973	0.00539322
	118	0.952377	0.896451	0.00536866
	119	0.931407	0.896745	0.00533157
	120	0.902238	0.896791	0.00528734
	121	0.898766	0.896807	0.00524367
	122	0.907394	0.896894	0.0052014
	123	0.909648	0.896998	0.00516015
	124	0.946531	0.897397	0.00513397
	125	0.927266	0.897636	0.00509846
	126	0.973343	0.898237	0.00509328
	127	1.01816	0.899181	0.00513996
	128	1.00997	0.900047	0.00517217
	129	0.999395	0.900817	0.00518909
	130	0.956966	0.901249	0.00516712
	131	0.944664	0.90158	0.00513829
	132	0.961817	0.902037	0.00511959
	133	0.979418	0.902618	0.00511405
	134	0.925263	0.902787	0.00507868
	135	0.876115	0.90259	0.0050449
	136	0.857495	0.902258	0.00501869
	137	0.864868	0.901985	0.00498947
	138	0.885557	0.901866	0.00495474
	139	0.935029	0.902105	0.00492483
	140	0.926301	0.902278	0.00489268
	141	0.917946	0.902389	0.00485925
	142	0.922268	0.902529	0.00482704
	143	0.903024	0.902532	0.00479329
	144	0.883094	0.902397	0.0047619
	145	0.898136	0.902368	0.00472915
	146	0.908799	0.902412	0.00469697
	147	0.904103	0.902423	0.00466503
	148	0.900506	0.902411	0.00463352
	149	0.941581	0.902673	0.00460988
	150	0.935835	0.902895	0.00458444
	151	0.899463	0.902872	0.00455414
	152	0.883986	0.902748	0.00452587
	153	0.897068	0.90271	0.00449644
	154	0.876106	0.902538	0.00447056
	155	0.893914	0.902482	0.00444207
	156	0.907572	0.902515	0.00441371
	157	0.926791	0.902669	0.00438831
	158	0.945226	0.902939	0.00436879
	159	0.936277	0.903148	0.00434634
	160	0.934477	0.903344	0.00432359
	161	0.935102	0.903541	0.00430123
	162	0.958147	0.903878	0.00428787
	163	0.943221	0.90412	0.00426835
	164	0.930334	0.90428	0.00424531
	165	0.888043	0.904181	0.00422073
	166	0.860679	0.903919	0.00420343
	167	0.926572	0.904055	0.00418045
	168	0.907402	0.904075	0.00415561
	169	0.892666	0.904007	0.00413157
	170	0.912735	0.904059	0.00410758
	171	0.923785	0.904174	0.00408518
	172	0.914591	0.904234	0.00406188
	173	0.883251	0.904113	0.00404021
	174	0.935303	0.904292	0.00402097
	175	0.981321	0.904733	0.00402201
	176	0.967898	0.905092	0.00401514
	177	0.938002	0.905277	0.00399676
	178	0.920131	0.905361	0.00397517
	179	0.929019	0.905493	0.00395516
	180	0.908134	0.905508	0.00393322
	181	0.904932	0.905505	0.00391149
	182	0.918461	0.905576	0.00389064
	183	0.912321	0.905613	0.00386956
	184	0.901376	0.90559	0.0038486
	185	0.897343	0.905545	0.00382805
	186	0.886473	0.905442	0.00380884
	187	0.916863	0.905504	0.00378896
	188	0.908863	0.905521	0.00376885
	189	0.937714	0.905692	0.00375276
	190	0.934847	0.905845	0.00373614
	191	0.917116	0.905904	0.00371705
	192	0.914056	0.905947	0.00369793
	193	0.888558	0.905857	0.00367987
	194	0.886538	0.905757	0.00366225
	195	0.910011	0.905779	0.00364353
	196	0.90442	0.905772	0.00362495
	197	0.86447	0.905562	0.0036126
	198	0.895291	0.90551	0.00359473
	199	0.907453	0.90552	0.00357668
	200	0.91403	0.905563	0.00355905
	201	0.905046	0.90556	0.00354135
	202	0.873077	0.905399	0.00352746
	203	0.867031	0.90521	0.00351515
	204	0.876141	0.905068	0.0035008
	205	0.868928	0.904891	0.00348816
	206	0.89959	0.904866	0.00347132
	207	0.894983	0.904818	0.00345488
	208	0.903911	0.904814	0.00343827
	209	0.900205	0.904792	0.00342189
	210	0.943448	0.904976	0.00341055
	211	0.93885	0.905136	0.00339816
	212	0.898495	0.905105	0.00338228
	213	0.929568	0.90522	0.00336835
	214	0.969391	0.90552	0.00336593
	215	0.967057	0.905806	0.00336242
	216	0.963488	0.906073	0.00335744
	217	0.94058	0.906232	0.00334573
	218	0.967916	0.906515	0.00334233
	219	0.948109	0.906705	0.00333246
	220	0.956415	0.906931	0.00332496
	221	1.00002	0.907352	0.00333649
	222	0.988324	0.907717	0.00334134
	223	0.961146	0.907956	0.00333493
	224	0.958302	0.908181	0.00332761
	225	0.924696	0.908254	0.00331363
	226	0.937995	0.908386	0.00330158
	227	0.933492	0.908497	0.00328889
	228	0.933571	0.908607	0.0032763
	229	0.920515	0.908659	0.00326241
	230	0.936728	0.908781	0.0032505
	231	0.914412	0.908805	0.00323652
	232	0.935299	0.908919	0.00322459
	233	0.953054	0.909109	0.00321631
	234	0.930519	0.9092	0.00320386
	235	0.925516	0.90927	0.00319098
	236	0.913745	0.909289	0.00317752
	237	0.916099	0.909317	0.00316424
	238	0.910957	0.909324	0.00315095
	239	0.925201	0.909391	0.00313847
	240	0.872149	0.909235	0.00312922
	241	0.852414	0.909	0.00312511
	242	0.876282	0.908864	0.00311512
	243	0.866438	0.90869	0.00310719
	244	0.881612	0.908579	0.00309644
	245	0.859092	0.908377	0.00309038
	246	0.832758	0.908069	0.00309307
	247	0.866849	0.907903	0.00308504
	248	0.905656	0.907894	0.00307262
	249	0.895232	0.907843	0.0030607
	250	0.892389	0.907781	0.00304908
	251	0.883201	0.907683	0.0030385
	252	0.85591	0.907478	0.00303338
	253	0.828845	0.907167	0.00303727
	254	0.821425	0.906829	0.00304402
	255	0.812007	0.906457	0.00305471
	256	0.837998	0.90619	0.00305446
	257	0.84053	0.905934	0.00305324
	258	0.840742	0.905682	0.00305184
	259	0.854246	0.905483	0.00304651
	260	0.897595	0.905453	0.00303495
	261	0.917385	0.905498	0.00302366
	262	0.907185	0.905505	0.00301213
	263	0.913608	0.905536	0.00300083
	264	0.881105	0.905443	0.00299089
	265	0.886585	0.905372	0.00298045
	266	0.879785	0.905276	0.0029708
	267	0.878869	0.905177	0.00296132
	268	0.887981	0.905113	0.00295097
	269	0.883971	0.905034	0.00294104
	270	0.898679	0.905011	0.00293024
	271	0.873863	0.904896	0.00292168
	272	0.879407	0.904802	0.00291245
	273	0.868898	0.90467	0.00290474
	274	0.904576	0.90467	0.00289414
	275	0.907388	0.90468	0.00288364
	276	0.850938	0.904485	0.00287975
	277	0.841648	0.904258	0.00287828
	278	0.844313	0.904043	0.00287599
	279	0.871376	0.903926	0.00286807
	280	0.887462	0.903867	0.00285843
	281	0.919958	0.903924	0.00284883
	282	0.917936	0.903974	0.00283916
	283	0.933691	0.904079	0.00283107
	284	0.927829	0.904163	0.00282233
	285	0.90571	0.904168	0.00281244
	286	0.916491	0.904211	0.00280293
	287	0.930783	0.904304	0.00279469
	288	0.955239	0.90448	0.00279058
	289	0.945667	0.904623	0.00278456
	290	0.944247	0.90476	0.00277831
	291	0.903254	0.904754	0.00276877
	292	0.906088	0.904759	0.00275929
	293	0.90947	0.904775	0.00274992
	294	0.931692	0.904867	0.00274209
	295	0.938182	0.90498	0.00273512
	296	0.921801	0.905036	0.00272647
	297	0.901134	0.905023	0.00271732
	298	0.94073	0.905143	0.00271084
	299	0.9459	0.905279	0.0027052
	300	0.964768	0.905478	0.00270344
	301	0.940455	0.905594	0.00269696
	302	0.916515	0.90563	0.00268827
	303	0.921696	0.905683	0.00267992
	304	0.935815	0.905782	0.00267293
	305	0.908725	0.905792	0.00266419
	306	0.885831	0.905727	0.00265628
	307	0.881241	0.905647	0.00264883
	308	0.930989	0.905729	0.0026415
	309	0.899063	0.905708	0.00263304
	310	0.918373	0.905748	0.00262487
	311	0.883654	0.905677	0.00261739
	312	0.859232	0.905529	0.00261323
	313	0.878072	0.905441	0.00260635
	314	0.891352	0.905396	0.00259844
	315	0.91927	0.90544	0.00259056
	316	0.889808	0.905391	0.00258283
	317	0.891096	0.905345	0.00257508
	318	0.909445	0.905358	0.00256702
	319	0.91245	0.905381	0.00255906
	320	0.891353	0.905337	0.00255144
	321	0.903637	0.905331	0.0025435
	322	0.900046	0.905315	0.00253565
	323	0.919027	0.905357	0.00252816
	324	0.909587	0.90537	0.00252039
	325	0.900145	0.905354	0.00251269
	326	0.881321	0.905281	0.00250606
	327	0.907564	0.905288	0.00249841
	328	0.941195	0.905397	0.00249319
	329	0.956676	0.905553	0.00249047
	330	0.942829	0.905666	0.00248549
	331	0.892533	0.905626	0.0024783
	332	0.901458	0.905614	0.00247086
	333	0.900094	0.905597	0.0024635
	334	0.908702	0.905606	0.00245614
	335	0.892699	0.905568	0.00244911
	336	0.882863	0.9055	0.00244275
	337	0.868169	0.90539	0.00243802
	338	0.884037	0.905326	0.00243162
	339	0.879225	0.905249	0.00242567
	340	0.920046	0.905293	0.00241892
	341	0.873575	0.9052	0.00241362
	342	0.886547	0.905145	0.00240718
	343	0.909901	0.905159	0.0024002
	344	0.907562	0.905166	0.00239323
	345	0.916155	0.905198	0.00238651
	346	0.949067	0.905325	0.00238297
	347	0.92168	0.905372	0.00237657
	348	0.903809	0.905368	0.00236975
	349	0.928131	0.905433	0.00236385
	350	0.921977	0.90548	0.00235757
	351	0.922998	0.90553	0.00235138
	352	0.898936	0.905511	0.00234478
	353	0.9147	0.905537	0.00233828
	354	0.934663	0.905619	0.00233312
	355	0.954502	0.905757	0.00233061
	356	0.941256	0.905857	0.0023262
	357	0.951397	0.905984	0.00232318
	358	0.959954	0.906135	0.00232157
	359	0.965637	0.906301	0.00232101
	360	0.945808	0.906411	0.00231716
	361	0.963499	0.906569	0.00231613
	362	0.974519	0.906757	0.00231733
	363	0.981221	0.906962	0.00232
	364	0.975643	0.90715	0.00232129
	365	0.935026	0.907227	0.00231619
	366	0.93314	0.907298	0.00231094
	367	0.922881	0.90734	0.00230503
	368	0.945041	0.907442	0.00230105
	369	0.928114	0.907498	0.00229549
	370	0.952424	0.90762	0.0022925
	371	0.919318	0.907651	0.00228653
	372	0.91622	0.907674	0.0022805
	373	0.907762	0.907675	0.00227439
	374	0.924141	0.907719	0.00226873
	375	0.894129	0.907682	0.00226297
	376	0.911293	0.907692	0.00225698
	377	0.91912	0.907722	0.00225119
	378	0.904718	0.907714	0.00224525
	379	0.930321	0.907774	0.00224012
	380	0.95244	0.907892	0.00223731
	381	0.919387	0.907922	0.00223164
	382	0.906168	0.907917	0.0022258
	383	0.894297	0.907882	0.00222027
	384	0.880466	0.90781	0.00221564
	385	0.841682	0.907638	0.00221653
	386	0.858007	0.90751	0.00221451
	387	0.858451	0.907383	0.00221242
	388	0.875765	0.907302	0.00220822
	389	0.901484	0.907287	0.00220259
	390	0.856744	0.907157	0.00220075
	391	0.866801	0.907054	0.00219754
	392	0.88618	0.907001	0.00219258
	393	0.899834	0.906982	0.00218708
	394	0.925833	0.90703	0.00218205
	395	0.949889	0.907139	0.00217922
	396	0.932205	0.907202	0.00217464
	397	0.93294	0.907267	0.00217013
	398	0.908999	0.907271	0.00216468
	399	0.935942	0.907343	0.00216045
	400	0.939014	0.907422	0.00215649
	401	0.92688	0.907471	0.00215166
	402	0.942613	0.907558	0.00214809
	403	0.983622	0.907747	0.00215103
	404	0.977479	0.90792	0.00215262
	405	1.00018	0.908147	0.00215933
	406	0.959754	0.908274	0.00215775
	407	0.939564	0.908351	0.00215381
	408	0.937961	0.908424	0.00214976
	409	0.935048	0.908489	0.00214549
	410	0.987786	0.908682	0.00214895
	411	0.964745	0.908819	0.00214805
	412	0.930765	0.908872	0.0021435
	413	0.920116	0.908899	0.00213848
	414	0.924797	0.908938	0.00213366
	415	0.888386	0.908888	0.00212909
	416	0.866348	0.908786	0.00212643
	417	0.87876	0.908714	0.00212255
	418	0.929507	0.908764	0.00211805
	419	0.928706	0.908811	0.00211353
	420	0.898808	0.908787	0.00210863
	421	0.866988	0.908688	0.00210596
	422	0.864998	0.908585	0.00210351
	423	0.883429	0.908525	0.00209938
	424	0.869942	0.908434	0.0020964
	425	0.871782	0.908348	0.00209324
	426	0.890639	0.908306	0.00208874
	427	0.880508	0.908241	0.00208486
	428	0.863387	0.908136	0.00208262
	429	0.863545	0.908033	0.00208036
	430	0.837858	0.907869	0.00208192
	431	0.831526	0.907692	0.00208461
	432	0.841703	0.907539	0.00208537
	433	0.885408	0.907488	0.00208118
	434	0.891638	0.907452	0.00207671
	435	0.899058	0.907433	0.00207202
	436	0.902246	0.907421	0.0020673
	437	0.865495	0.907325	0.0020648
	438	0.874899	0.907251	0.00206141
	439	0.872893	0.907172	0.0020582
	440	0.87076	0.90709	0.00205518
	441	0.864001	0.906992	0.00205285
	442	0.840514	0.906842	0.0020537
	443	0.88646	0.906796	0.00204958
	444	0.892198	0.906763	0.00204523
	445	0.900048	0.906748	0.00204069
	446	0.88661	0.906702	0.00203661
	447	0.842539	0.906559	0.00203711
	448	0.874087	0.906486	0.00203385
	449	0.880599	0.906429	0.00203014
	450	0.902345	0.90642	0.00202565
	451	0.887685	0.906378	0.00202158
	452	0.876144	0.906311	0.00201822
	453	0.888451	0.906272	0.00201415
	454	0.853353	0.906155	0.00201308
	455	0.860972	0.906056	0.0020111
	456	0.885649	0.906011	0.00200719
	457	0.902073	0.906003	0.00200282
	458	0.886642	0.90596	0.00199889
	459	0.896106	0.905939	0.00199465
	460	0.922637	0.905975	0.00199064
	461	0.951541	0.906074	0.00198878
	462	0.957268	0.906185	0.00198756
	463	0.955128	0.90629	0.00198607
	464	0.968758	0.906425	0.00198635
	465	0.91639	0.906447	0.0019822
	466	0.882558	0.906395	0.00197861
	467	0.878955	0.906337	0.00197524
	468	0.907225	0.906338	0.00197102
	469	0.940601	0.906411	0.00196817
	470	0.934275	0.906471	0.00196488
	471	0.921696	0.906503	0.00196097
	472	0.953008	0.906602	0.00195929
	473	0.898934	0.906585	0.00195522
	474	0.90766	0.906588	0.00195109
	475	0.900544	0.906575	0.00194703
	476	0.863579	0.906485	0.00194503
	477	0.860029	0.906387	0.00194339
	478	0.88107	0.906334	0.00194004
	479	0.869052	0.906256	0.00193755
	480	0.85782	0.906156	0.00193614
	481	0.872364	0.906085	0.00193339
	482	0.898539	0.90607	0.00192945
	483	0.906173	0.90607	0.00192545
	484	0.922508	0.906104	0.00192177
	485	0.93689	0.906167	0.00191886
	486	0.896265	0.906147	0.00191502
	487	0.910205	0.906155	0.0019111
	488	0.863487	0.906068	0.00190919
	489	0.875776	0.906006	0.00190629
	490	0.86416	0.90592	0.00190431
	491	0.859414	0.905826	0.00190278
	492	0.86001	0.905733	0.00190119
	493	0.873446	0.905667	0.00189846
	494	0.869123	0.905593	0.00189606
	495	0.90315	0.905588	0.00189224
	496	0.930527	0.905638	0.00188909
	497	0.905155	0.905637	0.00188529
	498	0.873833	0.905574	0.00188259
	499	0.876066	0.905514	0.00187974
	500	0.875905	0.905455	0.00187692
	501	0.914512	0.905473	0.00187326
	502	0.898135	0.905459	0.00186958
	503	0.905794	0.905459	0.00186586
	504	0.898765	0.905446	0.00186221
	505	0.86946	0.905375	0.00185989
	506	0.85918	0.905284	0.00185845
	507	0.852287	0.905179	0.00185772
	508	0.858416	0.905087	0.00185634
	509	0.866717	0.905012	0.00185423
	510	0.873061	0.904949	0.00185165
	511	0.874042	0.904888	0.00184901
	512	0.848094	0.904778	0.00184873
	513	0.855618	0.904682	0.0018476
	514	0.85608	0.904587	0.00184643
	515	0.876398	0.904532	0.00184365
	516	0.883071	0.904491	0.00184055
	517	0.861984	0.904409	0.00183882
	518	0.869622	0.904341	0.0018365
	519	0.87082	0.904277	0.0018341
	520	0.87176	0.904214	0.00183164
	521	0.85996	0.904129	0.00183009
	522	0.863634	0.904052	0.00182823
	523	0.869322	0.903985	0.00182594
	524	0.873671	0.903928	0.00182337
	525	0.865084	0.903854	0.0018214
	526	0.884415	0.903817	0.00181831
	527	0.90109	0.903811	0.00181486
	528	0.896513	0.903798	0.00181148
	529	0.925139	0.903838	0.0018085
	530	0.919457	0.903867	0.00180533
	531	0.938896	0.903933	0.00180314
	532	0.89855	0.903923	0.00179978
	533	0.874379	0.903868	0.00179725
	534	0.869181	0.903803	0.00179506
	535	0.845784	0.903694	0.00179498
	536	0.86091	0.903615	0.0017934
	537	0.878343	0.903568	0.00179068
	538	0.879641	0.903523	0.0017879
	539	0.880778	0.903481	0.00178509
	540	0.874402	0.903427	0.00178259
	541	0.875656	0.903376	0.00178004
	542	0.916951	0.903401	0.00177693
	543	0.929596	0.903449	0.00177431
	544	0.932153	0.903502	0.00177183
	545	0.87667	0.903453	0.00176927
	546	0.848081	0.903351	0.00176893
	547	0.876153	0.903301	0.00176639
	548	0.883754	0.903266	0.00176353
	549	0.867456	0.9032	0.00176152
	550	0.87277	0.903145	0.00175919
	551	0.914718	0.903166	0.00175612
	552	0.923917	0.903204	0.00175334
	553	0.919516	0.903233	0.00175042
	554	0.901223	0.90323	0.00174727
	555	0.91302	0.903247	0.00174421
	556	0.907355	0.903255	0.00174109
	557	0.883272	0.903219	0.00173833
	558	0.90446	0.903221	0.00173522
	559	0.928887	0.903267	0.00173272
	560	0.917911	0.903293	0.00172982
	561	0.918548	0.90332	0.00172695
	562	0.883696	0.903285	0.00172423
	563	0.87011	0.903226	0.00172218
	564	0.8736	0.903174	0.00171992
	565	0.911408	0.903188	0.00171694
	566	0.900834	0.903184	0.00171391
	567	0.903473	0.903185	0.00171089
	568	0.90864	0.903194	0.0017079
	569	0.913915	0.903213	0.00170501
	570	0.913459	0.903231	0.00170211
	571	0.894565	0.903216	0.0016992
	572	0.912115	0.903232	0.0016963
	573	0.945239	0.903305	0.00169492
	574	0.960267	0.903404	0.00169487
	575	0.943676	0.903474	0.00169337
	576	0.915668	0.903495	0.00169056
	577	0.904392	0.903497	0.00168763
	578	0.936778	0.903555	0.0016857
	579	0.932909	0.903605	0.00168355
	580	0.936338	0.903662	0.00168159
	581	0.904576	0.903663	0.0016787
	582	0.886752	0.903634	0.00167606
	583	0.862876	0.903564	0.00167465
	584	0.861826	0.903493	0.0016733
	585	0.843189	0.90339	0.00167361
	586	0.857297	0.903311	0.00167261
	587	0.902815	0.90331	0.00166976
	588	0.881953	0.903274	0.00166731
	589	0.900306	0.903269	0.00166449
	590	0.902789	0.903268	0.00166167
	591	0.903306	0.903268	0.00165886
	592	0.89257	0.90325	0.00165615
	593	0.888542	0.903225	0.00165354
	594	0.865203	0.903161	0.001652
	595	0.93886	0.903221	0.00165031
	596	0.942313	0.903287	0.00164885
	597	0.929547	0.903331	0.00164667
	598	0.9037	0.903331	0.00164392
	599	0.920683	0.90336	0.00164143
	600	0.917963	0.903385	0.00163887
