#DISTANCE:	AVE_GOFR:	ERROR:
0	0	0
0.0256496	0	0
0.0512993	0	0
0.0769489	0	0
0.102599	0	0
0.128248	0	0
0.153898	0	0
0.179547	0	0
0.205197	0	0
0.230847	0	0
0.256496	0	0
0.282146	0	0
0.307796	0	0
0.333445	0	0
0.359095	0	0
0.384745	0	0
0.410394	0	0
0.436044	0	0
0.461694	0	0
0.487343	0	0
0.512993	0	0
0.538642	0	0
0.564292	0	0
0.589942	0	0
0.615591	0	0
0.641241	0	0
0.666891	0	0
0.69254	0	0
0.71819	0	0
0.74384	0	0
0.769489	0	0
0.795139	0	0
0.820788	0	0
0.846438	0	0
0.872088	0	0
0.897737	0.000229521	9.84722e-05
0.923387	0.00832422	0.00094743
0.949037	0.0989909	0.0035013
0.974686	0.454143	0.00770293
1.00034	1.16032	0.0191395
1.02599	2.00742	0.0299286
1.05164	2.64852	0.0321443
1.07728	2.95282	0.0302628
1.10293	2.89975	0.0178607
1.12858	2.711	0.017202
1.15423	2.43235	0.0245603
1.17988	2.15584	0.0316184
1.20553	1.86972	0.0352716
1.23118	1.58105	0.0257031
1.25683	1.35372	0.0213307
1.28248	1.19082	0.0162984
1.30813	1.05658	0.012787
1.33378	0.935984	0.00920126
1.35943	0.832283	0.00912546
1.38508	0.788596	0.00744303
1.41073	0.713566	0.00537617
1.43638	0.664257	0.00676703
1.46203	0.632656	0.00940068
1.48768	0.602266	0.00733071
1.51333	0.596598	0.00875925
1.53898	0.587796	0.0074932
1.56463	0.58895	0.00692475
1.59028	0.592302	0.00540458
1.61593	0.601404	0.00413864
1.64158	0.613636	0.00616527
1.66723	0.635861	0.00572885
1.69288	0.662472	0.00861761
1.71853	0.692073	0.00803151
1.74418	0.741874	0.0100352
1.76983	0.78361	0.0118588
1.79547	0.839544	0.0132175
1.82112	0.890732	0.0143615
1.84677	0.957907	0.0139316
1.87242	1.02047	0.0106363
1.89807	1.07554	0.00936606
1.92372	1.1202	0.00689237
1.94937	1.15921	0.00795098
1.97502	1.20009	0.00963293
2.00067	1.23596	0.00937041
2.02632	1.25843	0.010463
2.05197	1.28421	0.0110248
2.07762	1.30151	0.0216948
2.10327	1.29005	0.0135853
2.12892	1.2847	0.00804357
2.15457	1.25887	0.00888856
2.18022	1.22037	0.00751221
2.20587	1.18595	0.00681003
2.23152	1.14	0.00618331
2.25717	1.10211	0.00712764
2.28282	1.06306	0.00874782
2.30847	1.03429	0.00726014
2.33412	0.991945	0.00831757
2.35977	0.959016	0.00707489
2.38542	0.930367	0.00567338
2.41107	0.913073	0.00735184
2.43672	0.886796	0.00388817
2.46237	0.85716	0.00432578
2.48802	0.846103	0.00442054
2.51366	0.85051	0.00633831
2.53931	0.851135	0.00526423
0	0	0
0.064633	0	0
0.129266	0	0
0.193899	0	0
0.258532	0	0
0.323165	0	0
0.387798	0	0
0.452431	0	0
0.517064	0	0
0.581697	0	0
0.64633	0	0
0.710963	0	0
0.775596	0	0
0.84023	0.000972859	0.000126779
0.904863	0.150051	0.00159
0.969496	1.06422	0.00475937
1.03413	2.0394	0.010007
1.09876	2.25843	0.00537084
1.16339	2.09387	0.00681393
1.22803	1.81953	0.00736157
1.29266	1.6223	0.00405539
1.35729	1.44515	0.00488242
1.42193	1.33857	0.00392511
1.48656	1.25298	0.00363066
1.55119	1.18449	0.00326295
1.61583	1.14464	0.00266209
1.68046	1.11321	0.00377469
1.74509	1.09441	0.0028109
1.80973	1.07468	0.00235308
1.87436	1.06804	0.00253464
1.93899	1.05535	0.00287292
2.00362	1.05558	0.00221614
2.06826	1.05531	0.00202782
2.13289	1.05091	0.00272138
2.19752	1.04909	0.00256211
2.26216	1.04167	0.00246036
2.32679	1.0355	0.0016229
2.39142	1.03485	0.00222402
2.45606	1.02139	0.00191709
2.52069	1.02538	0.00197393
2.58532	1.01619	0.0020256
2.64995	1.01491	0.00135778
2.71459	1.0088	0.00170566
2.77922	1.00774	0.00201843
2.84385	1.00458	0.00141304
2.90849	1.00216	0.00121971
2.97312	1.00388	0.00183663
3.03775	0.998214	0.00119422
3.10239	0.995347	0.00143605
3.16702	0.997756	0.001456
3.23165	0.99545	0.00113881
3.29629	0.99512	0.00154463
3.36092	0.996394	0.00172185
3.42555	0.991424	0.00148251
3.49018	0.994286	0.00160067
3.55482	0.992655	0.00183923
3.61945	0.991263	0.00115765
3.68408	0.989236	0.00104395
3.74872	0.989698	0.00134435
3.81335	0.989672	0.00137987
3.87798	0.990292	0.00121266
3.94262	0.988605	0.00128022
4.00725	0.989753	0.00120926
4.07188	0.98778	0.00097992
4.13651	0.988488	0.00102763
4.20115	0.987653	0.000973739
4.26578	0.987082	0.00109961
4.33041	0.987918	0.00107946
4.39505	0.987539	0.000890905
4.45968	0.987598	0.00108696
4.52431	0.986171	0.000801613
4.58895	0.986756	0.000908195
4.65358	0.986948	0.00106294
4.71821	0.986757	0.000840374
4.78285	0.985592	0.000643397
4.84748	0.986083	0.000950812
4.91211	0.985748	0.000840579
4.97674	0.987162	0.000996446
5.04138	0.985578	0.000785119
5.10601	0.986351	0.000777297
5.17064	0.987551	0.000864619
5.23528	0.985602	0.000754737
5.29991	0.987652	0.00102743
5.36454	0.986718	0.00082278
5.42918	0.984681	0.00100136
5.49381	0.985528	0.000851324
5.55844	0.987022	0.000831429
5.62307	0.985663	0.000838362
5.68771	0.986156	0.00107889
5.75234	0.985169	0.000915648
5.81697	0.985714	0.000783321
5.88161	0.984926	0.000801567
5.94624	0.984044	0.000601349
6.01087	0.985507	0.000831091
6.07551	0.984959	0.0009097
6.14014	0.985457	0.000651436
6.20477	0.986447	0.00073405
6.2694	0.985415	0.000857547
6.33404	0.98647	0.000766076
6.39867	0.984573	0.000787473
0	0	0
0.0230664	0	0
0.0461329	0	0
0.0691993	0	0
0.0922657	0	0
0.115332	0	0
0.138399	0	0
0.161465	0	0
0.184531	0	0
0.207598	0	0
0.230664	0	0
0.253731	0	0
0.276797	0	0
0.299864	0	0
0.32293	0	0
0.345996	0	0
0.369063	0	0
0.392129	0	0
0.415196	0	0
0.438262	0	0
0.461329	0	0
0.484395	0	0
0.507461	0	0
0.530528	0	0
0.553594	0	0
0.576661	0	0
0.599727	0	0
0.622794	0	0
0.64586	0	0
0.668926	0	0
0.691993	0	0
0.715059	0	0
0.738126	0	0
0.761192	0	0
0.784259	0	0
0.807325	0	0
0.830391	0	0
0.853458	0	0
0.876524	0	0
0.899591	0	0
0.922657	0.000281162	0.000155881
0.945724	0.018101	0.000872241
0.96879	0.216569	0.00325287
0.991856	1.10512	0.00506389
1.01492	3.04395	0.0128963
1.03799	5.31507	0.0190668
1.06106	6.50037	0.0172786
1.08412	6.0141	0.0217054
1.10719	4.4635	0.0133062
1.13026	2.75439	0.00948588
1.15332	1.42659	0.00950007
1.17639	0.634161	0.00439448
1.19945	0.243623	0.00292951
1.22252	0.0795673	0.00241269
1.24559	0.0242945	0.0011012
1.26865	0.00607578	0.000689524
1.29172	0.00134982	0.000260025
1.31479	0.00185381	0.00038581
1.33785	0.00459785	0.000445311
1.36092	0.0184144	0.00101688
1.38399	0.0545175	0.00224453
1.40705	0.140371	0.00356244
1.43012	0.309089	0.00665769
1.45319	0.571668	0.00437294
1.47625	0.905219	0.00469606
1.49932	1.19629	0.00745898
1.52238	1.32474	0.0109602
1.54545	1.24155	0.0085861
1.56852	0.977896	0.00544987
1.59158	0.630085	0.00464709
1.61465	0.350806	0.00462534
1.63772	0.157913	0.00348923
1.66078	0.059559	0.00214014
1.68385	0.0254243	0.00160557
1.70692	0.0318811	0.00142891
1.72998	0.0996748	0.00246832
1.75305	0.299236	0.00528058
1.77612	0.737151	0.00683647
1.79918	1.50925	0.00585849
1.82225	2.49415	0.00991928
1.84531	3.34271	0.0119402
1.86838	3.69581	0.0151188
1.89145	3.38274	0.0118794
1.91451	2.55998	0.00906253
1.93758	1.61658	0.00695397
1.96065	0.863512	0.00711084
1.98371	0.388185	0.0060064
2.00678	0.15903	0.00358782
2.02985	0.0958567	0.00344711
2.05291	0.167571	0.00336499
2.07598	0.379996	0.00468248
2.09905	0.713892	0.00427415
2.12211	1.07374	0.00454275
2.14518	1.32899	0.00690927
2.16824	1.37034	0.00858138
2.19131	1.15885	0.0055233
2.21438	0.82419	0.00267825
2.23744	0.50491	0.00469198
2.26051	0.289	0.00580182
2.28358	0.217831	0.00529115
