Gen	Best	Mean	Err
0	33.3823	33.4993	0.572748
1	29.3594	29.3594	2.13248e-06
2	27.1097	27.1097	8.25906e-07
3	25.4953	25.5606	0.155662
4	24.2319	24.2402	0.0215583
5	23.5445	23.6085	0.162405
6	22.0891	22.0891	7.90745e-07
7	22.0891	22.0891	7.90745e-07
8	21.3408	21.3471	0.0362017
9	20.4076	20.4235	0.0475138
10	18.9495	18.9747	0.10992
11	18.3683	18.3744	0.0151643
12	17.2918	17.2918	3.37175e-07
13	16.5797	16.5797	6.30796e-07
14	15.4986	15.4986	1.05283e-06
15	15.4986	15.4986	1.05283e-06
16	15.4986	15.4986	1.05283e-06
17	15.3496	15.375	0.0559379
18	15.311	15.3168	0.0137855
19	14.9835	15.0027	0.0575163
20	14.8701	14.8718	0.0113065
21	14.4158	14.495	0.169014
22	13.5294	13.5471	0.124093
23	13.0741	13.0968	0.0992396
24	12.4475	12.479	0.0849582
25	11.9958	12.0094	0.0770486
26	11.6235	11.6421	0.0700849
27	11.3644	11.3644	8.42937e-07
28	11.1807	11.1822	0.0148237
29	11.1665	11.1675	0.00360873
30	11.1665	11.1665	1.08225e-05
31	9.77024	9.92383	0.43687
32	9.61119	9.62232	0.0405727
33	9.46716	9.46822	0.00742301
34	9.41456	9.41562	0.00736279
35	9.32992	9.32992	3.15398e-07
36	9.29193	9.29229	0.00115548
37	9.25797	9.25797	5.05762e-07
38	8.96441	8.96441	3.76973e-07
39	8.96348	8.9635	0.000129939
40	8.96348	8.96348	6.41962e-07
41	8.66435	8.66435	3.76973e-07
42	8.66435	8.66435	3.76973e-07
43	8.19177	8.2122	0.0612928
44	8.07757	8.07757	4.29815e-07
45	8.07757	8.07757	4.29815e-07
46	8.07757	8.07757	4.29815e-07
47	8.07757	8.07757	4.29815e-07
48	8.07757	8.07757	4.29815e-07
49	8.02559	8.02611	0.0051719
50	7.92021	7.92794	0.020935
51	7.92021	7.92021	2.92002e-07
52	7.87489	7.87987	0.0141799
53	7.87489	7.87489	5.65459e-07
54	7.87489	7.87489	5.65459e-07
55	7.50672	7.51408	0.0515437
56	7.50672	7.50672	5.65459e-07
57	7.50672	7.50672	5.65459e-07
58	7.50672	7.50672	5.65459e-07
59	7.50672	7.50672	5.65459e-07
60	7.50672	7.50672	5.65459e-07
61	7.50672	7.50672	5.65459e-07
62	7.50672	7.50672	5.65459e-07
63	7.50672	7.50672	5.65459e-07
64	7.50672	7.50672	5.65459e-07
65	7.50672	7.50672	5.65459e-07
66	7.47744	7.48037	0.00878375
67	7.47744	7.47744	1.46001e-07
68	7.3895	7.39116	0.0116236
69	7.38458	7.38458	5.19621e-07
70	7.38458	7.38458	5.19621e-07
71	7.38458	7.38458	5.19621e-07
72	7.38458	7.38458	5.19621e-07
73	7.38347	7.38363	0.00038564
74	7.38347	7.38347	1.46001e-07
75	7.38347	7.38347	1.46001e-07
76	7.38347	7.38347	1.46001e-07
77	7.29264	7.29264	2.92002e-07
78	7.29264	7.29264	2.92002e-07
79	7.29264	7.29264	2.92002e-07
80	7.29264	7.29264	2.92002e-07
81	7.29264	7.29264	2.92002e-07
82	7.29264	7.29264	2.92002e-07
83	7.29264	7.29264	2.92002e-07
84	7.29264	7.29264	2.92002e-07
85	7.29264	7.29264	2.92002e-07
86	7.29264	7.29264	2.92002e-07
87	7.29264	7.29264	2.92002e-07
88	7.29264	7.29264	2.92002e-07
89	7.29264	7.29264	2.92002e-07
90	7.29264	7.29264	2.92002e-07
91	7.29264	7.29264	2.92002e-07
92	7.23835	7.23889	0.00540226
93	7.23835	7.23835	4.4604e-07
94	7.23835	7.23835	4.4604e-07
95	7.23835	7.23835	4.4604e-07
96	7.23835	7.23835	4.4604e-07
97	7.23835	7.23835	4.4604e-07
98	7.23835	7.23835	4.4604e-07
99	7.23835	7.23835	4.4604e-07
100	7.23835	7.23835	4.4604e-07
101	7.23835	7.23835	4.4604e-07
102	7.23835	7.23835	4.4604e-07
103	7.23835	7.23835	4.4604e-07
104	7.23835	7.23835	4.4604e-07
105	7.23835	7.23835	4.4604e-07
106	7.23835	7.23835	4.4604e-07
107	7.23835	7.23835	4.4604e-07
108	6.92451	6.92451	4.29815e-07
109	6.7809	6.79095	0.0366426
110	6.7809	6.7809	2.52881e-07
111	6.7809	6.7809	2.52881e-07
112	6.7809	6.7809	2.52881e-07
113	6.7809	6.7809	2.52881e-07
114	6.7809	6.7809	2.52881e-07
115	6.7809	6.7809	2.52881e-07
116	6.7809	6.7809	2.52881e-07
117	6.7809	6.7809	2.52881e-07
118	6.7809	6.7809	2.52881e-07
119	6.7809	6.7809	2.52881e-07
120	6.7809	6.7809	2.52881e-07
121	6.7809	6.7809	2.52881e-07
122	6.7809	6.7809	2.52881e-07
123	6.7809	6.7809	2.52881e-07
124	6.7809	6.7809	2.52881e-07
125	6.7809	6.7809	2.52881e-07
126	6.7809	6.7809	2.52881e-07
127	6.7809	6.7809	2.52881e-07
128	6.7809	6.7809	2.52881e-07
129	6.7809	6.7809	2.52881e-07
130	6.76635	6.76737	0.00371089
131	6.76635	6.76635	2.38419e-07
132	6.76635	6.76635	2.38419e-07
133	6.76635	6.76635	2.38419e-07
134	6.76635	6.76635	2.38419e-07
135	6.76635	6.76635	2.38419e-07
136	6.76635	6.76635	2.38419e-07
137	6.76635	6.76635	2.38419e-07
138	6.76635	6.76635	2.38419e-07
139	6.76635	6.76635	2.38419e-07
140	6.76635	6.76635	2.38419e-07
141	6.76635	6.76635	2.38419e-07
142	6.76635	6.76635	2.38419e-07
143	6.76635	6.76635	2.38419e-07
144	6.76635	6.76635	2.38419e-07
145	6.76635	6.76635	2.38419e-07
146	6.76635	6.76635	2.38419e-07
147	6.76635	6.76635	2.38419e-07
148	6.76635	6.76635	2.38419e-07
149	6.76635	6.76635	2.38419e-07
150	6.76635	6.76635	2.38419e-07
151	6.76635	6.76635	2.38419e-07
152	6.76635	6.76635	2.38419e-07
153	6.76635	6.76635	2.38419e-07
154	6.76635	6.76635	2.38419e-07
155	6.76635	6.76635	2.38419e-07
156	6.76635	6.76635	2.38419e-07
157	6.76635	6.76635	2.38419e-07
158	6.76635	6.76635	2.38419e-07
159	6.76635	6.76635	2.38419e-07
160	6.76635	6.76635	2.38419e-07
161	6.76635	6.76635	2.38419e-07
162	6.76635	6.76635	2.38419e-07
163	6.76635	6.76635	2.38419e-07
164	6.76635	6.76635	2.38419e-07
165	6.76635	6.76635	2.38419e-07
166	6.76635	6.76635	2.38419e-07
167	6.76635	6.76635	2.38419e-07
168	6.76635	6.76635	2.38419e-07
169	6.76635	6.76635	2.38419e-07
170	6.76635	6.76635	2.38419e-07
171	6.76635	6.76635	2.38419e-07
172	6.76635	6.76635	2.38419e-07
173	6.76635	6.76635	2.38419e-07
174	6.76635	6.76635	2.38419e-07
175	6.76635	6.76635	2.38419e-07
176	6.76635	6.76635	2.38419e-07
177	6.76635	6.76635	2.38419e-07
178	6.76635	6.76635	2.38419e-07
179	6.61827	6.63752	0.0498004
180	6.61827	6.61827	2.38419e-07
181	6.61827	6.61827	2.38419e-07
182	6.61827	6.61827	2.38419e-07
183	6.61827	6.61827	2.38419e-07
184	6.61827	6.61827	2.38419e-07
185	6.61827	6.61827	2.38419e-07
186	6.61827	6.61827	2.38419e-07
187	6.61827	6.61827	2.38419e-07
188	6.61827	6.61827	2.38419e-07
189	6.61827	6.61827	2.38419e-07
190	6.61827	6.61827	2.38419e-07
191	6.61827	6.61827	2.38419e-07
192	6.61827	6.61827	2.38419e-07
193	6.61827	6.61827	2.38419e-07
194	6.61827	6.61827	2.38419e-07
195	6.61827	6.61827	2.38419e-07
196	6.61827	6.61827	2.38419e-07
197	6.61827	6.61827	2.38419e-07
198	6.61827	6.61827	2.38419e-07
199	6.61827	6.61827	2.38419e-07
200	6.61827	6.61827	2.38419e-07
201	6.61827	6.61827	2.38419e-07
202	6.61827	6.61827	2.38419e-07
203	6.61827	6.61827	2.38419e-07
204	6.61827	6.61827	2.38419e-07
205	6.61827	6.61827	2.38419e-07
206	6.61827	6.61827	2.38419e-07
207	6.61827	6.61827	2.38419e-07
208	6.61827	6.61827	2.38419e-07
209	6.61827	6.61827	2.38419e-07
210	6.61827	6.61827	2.38419e-07
211	6.61827	6.61827	2.38419e-07
212	6.61827	6.61827	2.38419e-07
213	6.61827	6.61827	2.38419e-07
214	6.61827	6.61827	2.38419e-07
215	6.61827	6.61827	2.38419e-07
216	6.61827	6.61827	2.38419e-07
217	6.61827	6.61827	2.38419e-07
218	6.61827	6.61827	2.38419e-07
219	6.61827	6.61827	2.38419e-07
220	6.61827	6.61827	2.38419e-07
221	6.61827	6.61827	2.38419e-07
222	6.61827	6.61827	2.38419e-07
223	6.61827	6.61827	2.38419e-07
224	6.61827	6.61827	2.38419e-07
225	6.61827	6.61827	2.38419e-07
226	6.3792	6.39355	0.0567756
227	6.04645	6.113	0.1331
228	6.04645	6.04645	1.88486e-07
229	6.04645	6.04645	1.88486e-07
230	6.04645	6.04645	1.88486e-07
231	6.04645	6.04645	1.88486e-07
232	6.04645	6.04645	1.88486e-07
233	6.04645	6.04645	1.88486e-07
234	6.04645	6.04645	1.88486e-07
235	6.04645	6.04645	1.88486e-07
236	6.04645	6.04645	1.88486e-07
237	6.04645	6.04645	1.88486e-07
238	6.04645	6.04645	1.88486e-07
239	6.04645	6.04645	1.88486e-07
240	6.04645	6.04645	1.88486e-07
241	6.04645	6.04645	1.88486e-07
242	6.04645	6.04645	1.88486e-07
243	6.04645	6.04645	1.88486e-07
244	6.04645	6.04645	1.88486e-07
245	6.04645	6.04645	1.88486e-07
246	6.04645	6.04645	1.88486e-07
247	6.04645	6.04645	1.88486e-07
248	6.04645	6.04645	1.88486e-07
249	6.04645	6.04645	1.88486e-07
250	6.04645	6.04645	1.88486e-07
251	6.04645	6.04645	1.88486e-07
252	6.04645	6.04645	1.88486e-07
253	6.04645	6.04645	1.88486e-07
254	6.04645	6.04645	1.88486e-07
255	6.04645	6.04645	1.88486e-07
256	6.04645	6.04645	1.88486e-07
257	6.04645	6.04645	1.88486e-07
258	6.04645	6.04645	1.88486e-07
259	6.04645	6.04645	1.88486e-07
260	6.04645	6.04645	1.88486e-07
261	6.04645	6.04645	1.88486e-07
262	6.04645	6.04645	1.88486e-07
263	6.04645	6.04645	1.88486e-07
264	6.04645	6.04645	1.88486e-07
265	6.04645	6.04645	1.88486e-07
266	6.04645	6.04645	1.88486e-07
267	6.04645	6.04645	1.88486e-07
268	6.04645	6.04645	1.88486e-07
269	6.04645	6.04645	1.88486e-07
270	6.04645	6.04645	1.88486e-07
271	6.04645	6.04645	1.88486e-07
272	6.04645	6.04645	1.88486e-07
273	6.04645	6.04645	1.88486e-07
274	6.04645	6.04645	1.88486e-07
275	6.04645	6.04645	1.88486e-07
276	6.04645	6.04645	1.88486e-07
277	6.04645	6.04645	1.88486e-07
278	6.04645	6.04645	1.88486e-07
279	6.04645	6.04645	1.88486e-07
280	6.04645	6.04645	1.88486e-07
281	6.04645	6.04645	1.88486e-07
282	6.04645	6.04645	1.88486e-07
283	6.04645	6.04645	1.88486e-07
284	6.04645	6.04645	1.88486e-07
285	6.04645	6.04645	1.88486e-07
286	6.04645	6.04645	1.88486e-07
287	6.04645	6.04645	1.88486e-07
288	6.04645	6.04645	1.88486e-07
289	6.04645	6.04645	1.88486e-07
290	6.04645	6.04645	1.88486e-07
291	6.04645	6.04645	1.88486e-07
292	6.04645	6.04645	1.88486e-07
293	6.04645	6.04645	1.88486e-07
294	6.04645	6.04645	1.88486e-07
295	6.04645	6.04645	1.88486e-07
296	6.04645	6.04645	1.88486e-07
297	6.04645	6.04645	1.88486e-07
298	6.04645	6.04645	1.88486e-07
299	6.04645	6.04645	1.88486e-07
