0.217768	0.246031	0.970207
-0.245569	-0.00389105	0.368504
1.08241	0.469874	1.58799
-3.05435	0.225748	-0.00288118
1.17717	-2.90209	-0.944155
-0.427982	0.280498	-1.00002
0.564386	-0.120093	-0.561021
-0.0474159	1.94935	-0.398653
-1.19362	0.62459	2.27114
0.102054	0.647548	-0.669097
1.0331	1.63399	0.374293
-0.798355	0.524566	0.209789
0.124154	-0.4567	0.302141
-0.178997	-1.0386	-0.133622
0.558997	-0.886671	-0.984395
0.207584	0.776532	0.851125
-0.49623	0.544231	0.79955
0.344801	-1.49595	-0.189663
-0.981808	-1.34798	-0.497143
1.75182	0.84842	0.934516
-0.709254	1.7676	0.555317
-0.191551	0.662217	-1.9317
0.339411	-1.16663	1.7227
-0.000172845	-1.23362	-1.00607
-0.147143	-1.60114	0.105788
-0.557017	-0.587352	-2.21179
-0.0778667	-0.255888	-0.0853423
0.178719	1.85471	1.28804
0.100071	0.200783	1.18594
0.518456	-0.802403	0.394362
-0.0969702	2.28052	-1.56531
1.08441	-0.981067	-0.274145
0.878469	-0.383997	-0.125821
1.06601	1.33867	0.591497
-0.571499	0.310284	1.88366
-0.661526	-2.09905	0.625465
-0.832812	-1.21889	-0.0571199
-2.47496	0.138613	0.0998414
0.83869	-0.0633989	-0.62195
-0.450238	-0.870941	-1.85294
1.19854	0.633724	1.49494
0.727939	0.120128	-0.862574
1.24544	0.582018	1.555
-0.508711	-0.96188	1.87305
-0.105232	0.283502	-0.416911
-1.08323	-0.261031	-0.61878
-1.5001	-1.13543	-0.460651
-0.559144	1.4559	1.68217
-1.63673	-1.31318	-0.0721712
0.731117	1.32435	-1.70154
0.39003	1.57658	-0.289319
0.311534	0.0951146	1.14524
-1.29162	1.21332	-0.708957
0.959991	0.0504735	1.10801
-0.520296	0.349534	0.929542
0.549693	0.307016	0.97615
1.13385	-0.431287	1.55433
0.853389	-1.03459	0.390702
1.51805	0.600352	1.6466
1.33831	-1.46215	0.641468
-0.565377	-0.757511	0.901006
-0.390293	1.13907	-0.116197
-1.24851	1.94535	-0.309307
-1.21467	-0.301016	-1.77499
-0.501161	-0.660427	-0.0585753
0.156286	-2.20366	-1.42753
-1.45009	0.285873	0.0781492
1.22714	1.22132	0.818531
-1.29623	0.108572	2.2458
-0.560628	0.500875	0.816364
1.28811	-0.0622386	-0.0572841
1.52789	-0.933817	-0.670468
0.180124	1.07686	0.352954
-1.67674	0.657971	-0.236119
-0.479138	-0.229142	-1.3517
0.404338	-1.07577	0.616983
1.87327	0.602242	0.644256
-0.924306	-2.60041	-0.0429292
0.713903	-0.194689	-0.283422
0.929161	-0.144135	-0.930243
0.211816	-0.086798	-0.803002
0.54718	0.628393	-0.754245
-0.382566	-0.293448	-0.13687
0.786839	0.228065	0.0110626
0.142053	1.96425	0.448349
-2.20691	-0.9813	-0.732953
2.09961	-1.48862	0.297724
-0.468331	-1.13089	-1.10421
-1.10479	1.08452	0.00553416
0.948413	0.707152	-2.4871
-1.88407	0.92355	-0.409319
-0.32374	1.16993	0.897243
-0.562257	-0.904728	-0.638433
-0.357727	-0.197909	-1.27207
-0.0728848	-1.66834	-2.0591
1.17432	-0.709011	-0.0572436
0.43643	0.41298	0.254225
0.394325	-0.652738	0.534234
-1.85273	-1.09822	-1.75075
0.399978	-0.811514	-1.29199
1.57358	-0.928549	-0.00341689
-1.23422	0.514975	1.76843
-0.733752	1.46658	-0.225234
-0.823368	0.670231	0.444675
2.53972	-0.40332	-0.519481
-0.712854	1.36782	-0.515575
0.476566	1.05908	0.391063
1.27034	0.981633	-1.38216
