#	BLOCK:	ACTUAL_T:	T_AVE:	ERROR:
	1	0.908441	0.908441	0
	2	0.985251	0.946846	0.0271563
	3	1.05907	0.984253	0.0355051
	4	1.09573	1.01212	0.0359385
	5	1.10022	1.02974	0.0327872
	6	1.11098	1.04328	0.0299882
	7	1.084	1.0491	0.0262623
	8	1.0864	1.05376	0.0233898
	9	1.06463	1.05497	0.0208221
	10	1.09352	1.05882	0.0190935
	11	1.1411	1.0663	0.0187658
	12	1.15393	1.07361	0.0185684
	13	1.15585	1.07993	0.0181859
	14	1.15339	1.08518	0.0176275
	15	1.15901	1.0901	0.0171257
	16	1.16824	1.09499	0.0167372
	17	1.16894	1.09934	0.0163082
	18	1.19851	1.10485	0.0163064
	19	1.21861	1.11083	0.0165109
	20	1.18829	1.11471	0.0161332
	21	1.16665	1.11718	0.0155534
	22	1.17644	1.11987	0.0150779
	23	1.15914	1.12158	0.0145187
	24	1.13705	1.12222	0.013928
	25	1.14211	1.12302	0.0133936
	26	1.15936	1.12442	0.0129512
	27	1.15113	1.12541	0.0125092
	28	1.17769	1.12727	0.0122011
	29	1.18528	1.12927	0.0119432
	30	1.17945	1.13095	0.0116616
	31	1.17816	1.13247	0.0113844
	32	1.19246	1.13435	0.0111819
	33	1.17461	1.13557	0.0109094
	34	1.1794	1.13685	0.0106645
	35	1.17851	1.13804	0.010426
	36	1.17292	1.13901	0.0101813
	37	1.17676	1.14003	0.0099571
	38	1.14151	1.14007	0.00969514
	39	1.17605	1.14099	0.00949033
	40	1.16362	1.14156	0.00926992
	41	1.17789	1.14245	0.00908607
	42	1.13797	1.14234	0.00887036
	43	1.12254	1.14188	0.00867601
	44	1.12067	1.1414	0.00849221
	45	1.11392	1.14079	0.00832542
	46	1.10034	1.13991	0.00819072
	47	1.10708	1.13921	0.00804618
	48	1.14266	1.13928	0.00787887
	49	1.13558	1.13921	0.00771844
	50	1.14485	1.13932	0.0075649
	51	1.11211	1.13878	0.00743535
	52	1.12731	1.13856	0.00729564
	53	1.12329	1.13828	0.00716367
	54	1.08647	1.13732	0.00709497
	55	1.10027	1.13664	0.00699787
	56	1.12264	1.13639	0.00687737
	57	1.16299	1.13686	0.00677253
	58	1.17819	1.13757	0.00669314
	59	1.14652	1.13772	0.00658141
	60	1.13706	1.13771	0.00647173
	61	1.12818	1.13756	0.00636753
	62	1.12995	1.13743	0.006266
	63	1.15554	1.13772	0.00617313
	64	1.16542	1.13815	0.00609183
	65	1.1455	1.13827	0.00599916
	66	1.1244	1.13806	0.00591194
	67	1.16743	1.1385	0.00583994
	68	1.15605	1.13875	0.00575976
	69	1.14923	1.13891	0.00567829
	70	1.13063	1.13879	0.0055984
	71	1.13574	1.13874	0.00551971
	72	1.14463	1.13883	0.00544366
	73	1.14303	1.13888	0.00536939
	74	1.15677	1.13913	0.00530227
	75	1.15095	1.13928	0.00523391
	76	1.16568	1.13963	0.00517656
	77	1.14134	1.13965	0.00510938
	78	1.1526	1.13982	0.00504657
	79	1.13602	1.13977	0.00498292
	80	1.12588	1.1396	0.00492365
	81	1.13571	1.13955	0.0048631
	82	1.17013	1.13992	0.00481807
	83	1.11591	1.13963	0.0047687
	84	1.12062	1.13941	0.0047173
	85	1.13231	1.13932	0.00466254
	86	1.13411	1.13926	0.00460871
	87	1.12609	1.13911	0.00455823
	88	1.10926	1.13877	0.00451903
	89	1.14968	1.13889	0.00446992
	90	1.13026	1.1388	0.00442128
	91	1.12378	1.13863	0.00437577
	92	1.12137	1.13845	0.00433223
	93	1.12436	1.13829	0.00428829
	94	1.12728	1.13818	0.00424427
	95	1.14159	1.13821	0.00419975
	96	1.17937	1.13864	0.00417783
	97	1.16525	1.13892	0.00414375
	98	1.13473	1.13887	0.00410169
	99	1.09436	1.13842	0.00408482
	100	1.08705	1.13791	0.00407615
	101	1.1025	1.13756	0.00405084
	102	1.12971	1.13748	0.00401186
	103	1.13619	1.13747	0.00397293
	104	1.13128	1.13741	0.00393517
	105	1.15335	1.13756	0.00390062
	106	1.15059	1.13768	0.00386576
	107	1.16361	1.13793	0.00383721
	108	1.15329	1.13807	0.00380432
	109	1.12274	1.13793	0.00377202
	110	1.12916	1.13785	0.00373857
	111	1.14562	1.13792	0.00370554
	112	1.12435	1.1378	0.00367444
	113	1.14467	1.13786	0.00364243
	114	1.17239	1.13816	0.00362305
	115	1.17671	1.1385	0.00360701
	116	1.20344	1.13906	0.00361911
	117	1.20769	1.13964	0.00363541
	118	1.19776	1.14014	0.00363782
	119	1.16442	1.14034	0.00361297
	120	1.13822	1.14032	0.0035829
	121	1.12691	1.14021	0.00355501
	122	1.15466	1.14033	0.00352784
	123	1.13218	1.14026	0.00349978
	124	1.13842	1.14025	0.00347159
	125	1.16973	1.14048	0.00345182
	126	1.16744	1.1407	0.00343104
	127	1.16132	1.14086	0.00340787
	128	1.1293	1.14077	0.00338244
	129	1.12855	1.14068	0.00335755
	130	1.12672	1.14057	0.00333343
	131	1.13035	1.14049	0.0033089
	132	1.13556	1.14045	0.00328404
	133	1.15342	1.14055	0.0032608
	134	1.14861	1.14061	0.00323702
	135	1.11989	1.14046	0.00321668
	136	1.15161	1.14054	0.00319407
	137	1.18135	1.14084	0.00318462
	138	1.20214	1.14128	0.00319237
	139	1.1564	1.14139	0.00317126
	140	1.1981	1.1418	0.00317437
	141	1.19414	1.14217	0.00317349
	142	1.15337	1.14225	0.00315212
	143	1.14241	1.14225	0.00313008
	144	1.14742	1.14228	0.00310855
	145	1.15898	1.1424	0.00308924
	146	1.14808	1.14244	0.00306833
	147	1.14964	1.14249	0.00304785
	148	1.1522	1.14255	0.00302796
	149	1.16403	1.1427	0.00301107
	150	1.11604	1.14252	0.00299623
	151	1.10536	1.14227	0.00298648
	152	1.10358	1.14202	0.00297766
	153	1.09124	1.14169	0.00297664
	154	1.12669	1.14159	0.0029589
	155	1.12803	1.1415	0.0029411
	156	1.14958	1.14155	0.00292271
	157	1.14286	1.14156	0.0029041
	158	1.1238	1.14145	0.0028879
	159	1.14635	1.14148	0.0028699
	160	1.15477	1.14156	0.00285316
	161	1.13308	1.14151	0.00283593
	162	1.13033	1.14144	0.00281926
	163	1.15019	1.14149	0.00280247
	164	1.17963	1.14173	0.00279502
	165	1.213	1.14216	0.00281126
	166	1.19542	1.14248	0.00281257
	167	1.21141	1.14289	0.00282586
	168	1.16674	1.14303	0.0028126
	169	1.1862	1.14329	0.00280753
	170	1.2093	1.14368	0.00281774
	171	1.19375	1.14397	0.00281643
	172	1.17247	1.14414	0.00280493
	173	1.17639	1.14432	0.0027949
	174	1.16646	1.14445	0.00278173
	175	1.17321	1.14461	0.00277069
	176	1.20377	1.14495	0.00277526
	177	1.19054	1.14521	0.0027715
	178	1.13814	1.14517	0.00275622
	179	1.13446	1.14511	0.00274147
	180	1.18929	1.14535	0.00273721
	181	1.18733	1.14559	0.00273189
	182	1.21185	1.14595	0.00274104
	183	1.2001	1.14625	0.00274198
	184	1.15692	1.1463	0.00272769
	185	1.17803	1.14648	0.00271833
	186	1.17059	1.1466	0.00270681
	187	1.11958	1.14646	0.00269619
	188	1.15501	1.14651	0.00268223
	189	1.17762	1.14667	0.00267309
	190	1.13891	1.14663	0.00265933
	191	1.12265	1.1465	0.00264837
	192	1.11862	1.14636	0.00263856
	193	1.1368	1.14631	0.00262535
	194	1.12042	1.14618	0.00261521
	195	1.11333	1.14601	0.00260721
	196	1.11486	1.14585	0.00259875
	197	1.13828	1.14581	0.00258584
	198	1.1478	1.14582	0.0025728
	199	1.17839	1.14598	0.00256508
	200	1.2071	1.14629	0.00257039
	201	1.22135	1.14666	0.00258458
	202	1.19315	1.14689	0.00258201
	203	1.15716	1.14694	0.00256979
	204	1.13672	1.14689	0.00255768
	205	1.12055	1.14676	0.00254843
	206	1.11137	1.14659	0.00254184
	207	1.13189	1.14652	0.00253055
	208	1.13701	1.14648	0.0025188
	209	1.13478	1.14642	0.00250737
	210	1.12288	1.14631	0.00249794
	211	1.1341	1.14625	0.00248677
	212	1.13333	1.14619	0.00247578
	213	1.13032	1.14611	0.00246528
	214	1.14153	1.14609	0.00245385
	215	1.14689	1.1461	0.00244244
	216	1.1227	1.14599	0.00243354
	217	1.14087	1.14597	0.00242244
	218	1.18239	1.14613	0.00241708
	219	1.14739	1.14614	0.00240605
	220	1.12187	1.14603	0.00239764
	221	1.12561	1.14594	0.00238857
	222	1.17428	1.14606	0.00238122
	223	1.16518	1.14615	0.00237209
	224	1.12134	1.14604	0.00236408
	225	1.11093	1.14588	0.00235872
	226	1.15849	1.14594	0.00234894
	227	1.13798	1.1459	0.00233886
	228	1.13222	1.14584	0.00232937
	229	1.16974	1.14595	0.00232153
	230	1.1785	1.14609	0.00231575
	231	1.14555	1.14609	0.00230573
	232	1.12539	1.146	0.00229751
	233	1.12796	1.14592	0.00228895
	234	1.13717	1.14588	0.00227948
	235	1.15372	1.14592	0.00227002
	236	1.15191	1.14594	0.00226055
	237	1.13409	1.14589	0.00225156
	238	1.13987	1.14587	0.00224224
	239	1.1346	1.14582	0.00223336
	240	1.13918	1.14579	0.00222422
	241	1.1577	1.14584	0.00221554
	242	1.15301	1.14587	0.00220659
	243	1.14951	1.14589	0.00219756
	244	1.12426	1.1458	0.00219034
	245	1.12349	1.14571	0.00218329
	246	1.12968	1.14564	0.00217538
	247	1.12845	1.14557	0.00216769
	248	1.11964	1.14547	0.00216147
	249	1.11349	1.14534	0.0021566
	250	1.13044	1.14528	0.0021488
	251	1.15245	1.14531	0.00214043
	252	1.1651	1.14539	0.00213337
	253	1.16812	1.14548	0.00212683
	254	1.15617	1.14552	0.00211888
	255	1.14954	1.14553	0.00211063
	256	1.15597	1.14557	0.00210278
	257	1.16437	1.14565	0.00209587
	258	1.11835	1.14554	0.00209041
	259	1.13138	1.14549	0.00208305
	260	1.14168	1.14547	0.00207509
	261	1.12633	1.1454	0.00206844
	262	1.14212	1.14539	0.00206058
	263	1.16131	1.14545	0.00205364
	264	1.16823	1.14553	0.00204767
	265	1.15129	1.14555	0.00204006
	266	1.14551	1.14555	0.00203239
	267	1.14399	1.14555	0.00202479
	268	1.12827	1.14548	0.00201826
	269	1.14555	1.14548	0.00201075
	270	1.15868	1.14553	0.0020039
	271	1.15981	1.14559	0.0019972
	272	1.15748	1.14563	0.00199034
	273	1.17591	1.14574	0.00198613
	274	1.12343	1.14566	0.00198055
	275	1.08568	1.14544	0.00198533
	276	1.13115	1.14539	0.00197881
	277	1.15225	1.14541	0.00197182
	278	1.15777	1.14546	0.00196523
	279	1.1456	1.14546	0.00195818
	280	1.14344	1.14545	0.0019512
	281	1.15619	1.14549	0.00194463
	282	1.1743	1.14559	0.00194042
	283	1.18292	1.14572	0.00193804
	284	1.18623	1.14587	0.00193646
	285	1.18437	1.146	0.00193437
	286	1.17484	1.1461	0.00193023
	287	1.13364	1.14606	0.00192399
	288	1.14591	1.14606	0.00191731
	289	1.17234	1.14615	0.00191283
	290	1.14904	1.14616	0.00190626
	291	1.15832	1.1462	0.00190017
	292	1.17478	1.1463	0.00189618
	293	1.16812	1.14637	0.00189117
	294	1.13767	1.14634	0.00188497
	295	1.11418	1.14623	0.00188173
	296	1.13437	1.14619	0.0018758
	297	1.13901	1.14617	0.00186964
	298	1.16185	1.14622	0.00186411
	299	1.15368	1.14625	0.00185804
	300	1.15706	1.14628	0.0018522
	301	1.17264	1.14637	0.00184811
	302	1.15849	1.14641	0.00184243
	303	1.17505	1.14651	0.00183877
	304	1.17325	1.14659	0.00183483
	305	1.21855	1.14683	0.00184392
	306	1.17195	1.14691	0.00183972
	307	1.15381	1.14693	0.00183386
	308	1.17345	1.14702	0.00182993
	309	1.20653	1.14721	0.00183411
	310	1.18195	1.14733	0.00183161
	311	1.17505	1.14741	0.00182789
	312	1.21789	1.14764	0.00183593
	313	1.1962	1.1478	0.00183661
	314	1.15647	1.14782	0.00183097
	315	1.14715	1.14782	0.00182516
	316	1.19506	1.14797	0.0018255
	317	1.21338	1.14818	0.00183136
	318	1.21409	1.14838	0.0018373
	319	1.19846	1.14854	0.00183823
	320	1.15561	1.14856	0.00183262
	321	1.1263	1.14849	0.00182822
	322	1.13221	1.14844	0.00182324
	323	1.13452	1.1484	0.00181811
	324	1.13487	1.14836	0.00181297
	325	1.14716	1.14835	0.0018074
	326	1.15883	1.14839	0.00180214
	327	1.1106	1.14827	0.00180033
	328	1.1309	1.14822	0.00179562
	329	1.16937	1.14828	0.00179131
	330	1.15675	1.14831	0.00178607
	331	1.1864	1.14842	0.00178438
	332	1.17258	1.1485	0.00178049
	333	1.18748	1.14861	0.00177898
	334	1.19534	1.14875	0.00177915
	335	1.14255	1.14873	0.00177393
	336	1.15241	1.14875	0.00176869
	337	1.15528	1.14877	0.00176355
	338	1.13718	1.14873	0.00175866
	339	1.10964	1.14862	0.00175725
	340	1.14076	1.14859	0.00175223
	341	1.15076	1.1486	0.00174711
	342	1.13855	1.14857	0.00174225
	343	1.11806	1.14848	0.00173943
	344	1.11718	1.14839	0.00173676
	345	1.09586	1.14824	0.00173838
	346	1.15296	1.14825	0.00173341
	347	1.14552	1.14824	0.00172844
	348	1.15696	1.14827	0.00172365
	349	1.16287	1.14831	0.00171922
	350	1.14657	1.1483	0.00171432
	351	1.15328	1.14832	0.00170949
	352	1.15546	1.14834	0.00170475
	353	1.14994	1.14834	0.00169993
	354	1.11268	1.14824	0.00169811
	355	1.12797	1.14819	0.00169429
	356	1.13257	1.14814	0.0016901
	357	1.14016	1.14812	0.00168551
	358	1.18064	1.14821	0.00168325
	359	1.18367	1.14831	0.00168145
	360	1.19257	1.14843	0.00168127
	361	1.18009	1.14852	0.0016789
	362	1.16064	1.14855	0.0016746
	363	1.14082	1.14853	0.00167012
	364	1.14328	1.14852	0.0016656
	365	1.14388	1.14851	0.00166108
	366	1.1287	1.14845	0.00165742
	367	1.13669	1.14842	0.00165322
	368	1.12684	1.14836	0.00164976
	369	1.11984	1.14828	0.0016471
	370	1.12159	1.14821	0.00164423
	371	1.13518	1.14818	0.00164017
	372	1.11321	1.14808	0.00163846
	373	1.12964	1.14803	0.00163481
	374	1.13102	1.14799	0.00163107
	375	1.13416	1.14795	0.00162714
	376	1.13486	1.14792	0.00162318
	377	1.14217	1.1479	0.00161895
	378	1.17044	1.14796	0.00161576
	379	1.19441	1.14808	0.00161614
	380	1.16203	1.14812	0.00161231
	381	1.1741	1.14819	0.00160951
	382	1.14075	1.14817	0.00160542
	383	1.16182	1.1482	0.00160162
	384	1.11828	1.14813	0.00159935
	385	1.12445	1.14806	0.00159637
	386	1.15285	1.14808	0.00159229
	387	1.16342	1.14812	0.00158866
	388	1.16693	1.14816	0.00158531
	389	1.15493	1.14818	0.00158133
	390	1.13234	1.14814	0.0015778
	391	1.11578	1.14806	0.00157593
	392	1.14079	1.14804	0.00157202
	393	1.15602	1.14806	0.00156815
	394	1.15055	1.14807	0.00156418
	395	1.11688	1.14799	0.00156221
	396	1.13161	1.14795	0.00155882
	397	1.10884	1.14785	0.001558
	398	1.12387	1.14779	0.00155525
	399	1.1385	1.14776	0.00155152
	400	1.13961	1.14774	0.00154778
	401	1.13949	1.14772	0.00154406
	402	1.15906	1.14775	0.00154047
	403	1.19751	1.14787	0.00154159
	404	1.17284	1.14794	0.00153901
	405	1.18208	1.14802	0.00153752
	406	1.15905	1.14805	0.00153397
	407	1.13048	1.148	0.00153081
	408	1.13774	1.14798	0.00152727
	409	1.16484	1.14802	0.00152409
	410	1.15725	1.14804	0.00152054
	411	1.15043	1.14805	0.00151685
	412	1.14236	1.14804	0.00151323
	413	1.15036	1.14804	0.00150958
	414	1.16446	1.14808	0.00150645
	415	1.15788	1.1481	0.00150301
	416	1.10878	1.14801	0.00150236
	417	1.12218	1.14795	0.00150004
	418	1.15336	1.14796	0.0014965
	419	1.15448	1.14798	0.00149301
	420	1.14047	1.14796	0.00148957
	421	1.15222	1.14797	0.00148606
	422	1.11566	1.14789	0.00148451
	423	1.1169	1.14782	0.00148281
	424	1.1612	1.14785	0.00147965
	425	1.14143	1.14784	0.00147624
	426	1.14188	1.14782	0.00147284
	427	1.16231	1.14786	0.00146979
	428	1.1674	1.1479	0.00146706
	429	1.14382	1.14789	0.00146367
	430	1.11131	1.14781	0.00146274
	431	1.12874	1.14776	0.00146001
	432	1.14763	1.14776	0.00145663
	433	1.14676	1.14776	0.00145327
	434	1.12705	1.14771	0.00145071
	435	1.11633	1.14764	0.00144916
	436	1.12436	1.14759	0.00144682
	437	1.133	1.14755	0.0014439
	438	1.11495	1.14748	0.00144252
	439	1.12337	1.14742	0.00144028
	440	1.14814	1.14743	0.001437
	441	1.12585	1.14738	0.00143458
	442	1.14686	1.14737	0.00143133
	443	1.13693	1.14735	0.0014283
	444	1.12205	1.14729	0.00142622
	445	1.09662	1.14718	0.00142755
	446	1.10598	1.14709	0.00142734
	447	1.10406	1.14699	0.00142738
	448	1.13227	1.14696	0.00142458
	449	1.13284	1.14693	0.00142175
	450	1.14317	1.14692	0.00141862
	451	1.16142	1.14695	0.00141583
	452	1.14426	1.14695	0.00141271
	453	1.12398	1.14689	0.0014105
	454	1.11408	1.14682	0.00140925
	455	1.12011	1.14676	0.00140737
	456	1.11271	1.14669	0.00140627
	457	1.11482	1.14662	0.00140492
	458	1.14341	1.14661	0.00140187
	459	1.14159	1.1466	0.00139886
	460	1.1272	1.14656	0.00139645
	461	1.11566	1.14649	0.00139503
	462	1.1318	1.14646	0.00139237
	463	1.14691	1.14646	0.00138937
	464	1.13522	1.14644	0.00138658
	465	1.12598	1.14639	0.0013843
	466	1.15243	1.14641	0.00138139
	467	1.1355	1.14638	0.00137863
	468	1.16249	1.14642	0.00137611
	469	1.14726	1.14642	0.00137318
	470	1.15372	1.14643	0.00137034
	471	1.16949	1.14648	0.00136831
	472	1.16517	1.14652	0.00136598
	473	1.17706	1.14659	0.00136462
	474	1.1539	1.1466	0.00136183
	475	1.15437	1.14662	0.00135906
	476	1.11627	1.14656	0.0013577
	477	1.12866	1.14652	0.00135537
	478	1.16126	1.14655	0.00135289
	479	1.15923	1.14658	0.00135032
	480	1.16429	1.14661	0.00134801
	481	1.14816	1.14662	0.00134521
	482	1.12251	1.14657	0.00134335
	483	1.1211	1.14651	0.0013416
	484	1.11695	1.14645	0.00134022
	485	1.11367	1.14638	0.00133916
	486	1.12081	1.14633	0.00133744
	487	1.16076	1.14636	0.00133502
	488	1.13333	1.14633	0.00133255
	489	1.1433	1.14633	0.00132984
	490	1.14326	1.14632	0.00132714
	491	1.13852	1.14631	0.00132453
	492	1.15759	1.14633	0.00132204
	493	1.15198	1.14634	0.00131941
	494	1.15778	1.14636	0.00131694
	495	1.19151	1.14645	0.00131743
	496	1.20332	1.14657	0.00131976
	497	1.15563	1.14659	0.00131723
	498	1.13557	1.14657	0.00131477
	499	1.13376	1.14654	0.00131238
	500	1.1671	1.14658	0.0013104
	501	1.16243	1.14661	0.00130817
	502	1.15628	1.14663	0.00130571
	503	1.18564	1.14671	0.00130541
	504	1.1992	1.14681	0.00130697
	505	1.20496	1.14693	0.00130944
	506	1.22554	1.14708	0.00131604
	507	1.22979	1.14725	0.00132352
	508	1.18394	1.14732	0.00132288
	509	1.16593	1.14736	0.00132079
	510	1.15744	1.14738	0.00131834
	511	1.18618	1.14745	0.00131795
	512	1.17633	1.14751	0.00131658
	513	1.20965	1.14763	0.00131958
	514	1.21911	1.14777	0.00132432
	515	1.20832	1.14789	0.00132695
	516	1.20333	1.14799	0.00132873
	517	1.17289	1.14804	0.00132703
	518	1.15322	1.14805	0.0013245
	519	1.12885	1.14801	0.00132247
	520	1.13962	1.148	0.00132002
	521	1.18585	1.14807	0.00131949
	522	1.19509	1.14816	0.00132003
	523	1.18532	1.14823	0.00131942
	524	1.20912	1.14835	0.00132201
	525	1.18949	1.14843	0.00132181
	526	1.25687	1.14863	0.00133528
	527	1.23778	1.1488	0.00134342
	528	1.22799	1.14895	0.00134922
	529	1.2619	1.14917	0.00136346
	530	1.19534	1.14925	0.00136366
	531	1.18451	1.14932	0.00136271
	532	1.18823	1.14939	0.00136211
	533	1.16239	1.14942	0.00135977
	534	1.17839	1.14947	0.00135831
	535	1.17325	1.14952	0.0013565
	536	1.2121	1.14963	0.00135898
	537	1.25838	1.14983	0.00137146
	538	1.27647	1.15007	0.00138896
	539	1.2283	1.15022	0.00139395
	540	1.24895	1.1504	0.0014033
	541	1.28644	1.15065	0.00142306
	542	1.26847	1.15087	0.00143694
	543	1.22557	1.151	0.00144087
	544	1.18029	1.15106	0.00143923
	545	1.14558	1.15105	0.00143662
	546	1.15093	1.15105	0.00143399
	547	1.1701	1.15108	0.00143179
	548	1.22141	1.15121	0.00143492
	549	1.23612	1.15137	0.00144061
	550	1.2115	1.15148	0.00144214
	551	1.19601	1.15156	0.00144178
	552	1.14976	1.15155	0.00143917
	553	1.12685	1.15151	0.00143727
	554	1.14199	1.15149	0.00143477
	555	1.14881	1.15149	0.0014322
	556	1.13959	1.15146	0.00142978
	557	1.14679	1.15146	0.00142724
	558	1.14328	1.15144	0.00142476
	559	1.15113	1.15144	0.00142221
	560	1.1511	1.15144	0.00141967
	561	1.12931	1.1514	0.00141768
	562	1.16499	1.15143	0.00141537
	563	1.16315	1.15145	0.00141301
	564	1.16379	1.15147	0.00141067
	565	1.16507	1.15149	0.00140838
	566	1.18858	1.15156	0.00140742
	567	1.1359	1.15153	0.0014052
	568	1.14468	1.15152	0.00140278
	569	1.15081	1.15152	0.00140032
	570	1.14841	1.15151	0.00139787
	571	1.15301	1.15151	0.00139543
	572	1.14139	1.1515	0.0013931
	573	1.12543	1.15145	0.00139141
	574	1.15877	1.15146	0.00138904
	575	1.16021	1.15148	0.00138671
	576	1.13366	1.15145	0.00138465
	577	1.11601	1.15139	0.00138361
	578	1.126	1.15134	0.00138191
	579	1.12516	1.1513	0.00138027
	580	1.12857	1.15126	0.00137844
	581	1.14045	1.15124	0.0013762
	582	1.12293	1.15119	0.00137469
	583	1.12117	1.15114	0.0013733
	584	1.12165	1.15109	0.00137187
	585	1.13654	1.15106	0.00136975
	586	1.15386	1.15107	0.00136742
	587	1.17399	1.15111	0.00136565
	588	1.12798	1.15107	0.00136389
	589	1.14484	1.15106	0.00136162
	590	1.15567	1.15107	0.00135933
	591	1.1373	1.15104	0.00135723
	592	1.15271	1.15104	0.00135494
	593	1.13526	1.15102	0.00135292
	594	1.13189	1.15099	0.00135103
	595	1.14022	1.15097	0.00134888
	596	1.1106	1.1509	0.00134831
	597	1.12514	1.15086	0.00134675
	598	1.1234	1.15081	0.00134528
	599	1.10665	1.15074	0.00134505
	600	1.14949	1.15074	0.00134281
