#	BLOCK:	ACTUAL_T:	T_AVE:	ERROR:
	1	0.706809	0.706809	0
	2	0.770717	0.738763	0.0225949
	3	0.848756	0.775427	0.0335123
	4	0.871507	0.799447	0.0326258
	5	0.900829	0.819724	0.0317828
	6	0.942238	0.840143	0.0323874
	7	0.974449	0.859329	0.0329573
	8	0.97644	0.873968	0.0319236
	9	0.96366	0.883934	0.0298916
	10	0.931401	0.888681	0.0272768
	11	0.953595	0.894582	0.0254274
	12	0.968934	0.900778	0.0240515
	13	0.995846	0.908091	0.0232867
	14	0.984454	0.913545	0.022253
	15	0.967448	0.917139	0.0210576
	16	0.938745	0.918489	0.0197847
	17	0.941823	0.919862	0.0186685
	18	0.983002	0.92337	0.0179579
	19	0.978027	0.926246	0.0172416
	20	0.986016	0.929235	0.0166365
	21	0.960792	0.930738	0.015912
	22	1.0063	0.934172	0.0155551
	23	1.03859	0.938712	0.0155272
	24	0.994708	0.941046	0.0150545
	25	1.00266	0.94351	0.0146527
	26	0.994057	0.945454	0.0142175
	27	0.988801	0.94706	0.0137812
	28	0.961877	0.947589	0.0132992
	29	1.01018	0.949747	0.0130146
	30	1.03667	0.952644	0.0128992
	31	1.01907	0.954787	0.0126598
	32	0.975233	0.955426	0.0122803
	33	0.962369	0.955637	0.01191
	34	0.96892	0.956027	0.0115661
	35	1.02023	0.957862	0.0113802
	36	1.03377	0.95997	0.0112577
	37	1.00216	0.96111	0.011011
	38	1.00139	0.962171	0.0107722
	39	0.998511	0.963102	0.0105362
	40	0.992171	0.963829	0.0102978
	41	0.987412	0.964404	0.0100627
	42	0.993876	0.965106	0.00984755
	43	0.985102	0.965571	0.00962951
	44	0.968373	0.965635	0.00941087
	45	0.968449	0.965697	0.00920195
	46	0.981823	0.966048	0.00900858
	47	0.989998	0.966557	0.00883131
	48	1.00026	0.967259	0.00867519
	49	0.977474	0.967468	0.00850065
	50	0.992066	0.96796	0.00834486
	51	0.984797	0.96829	0.00818776
	52	0.988974	0.968688	0.00803996
	53	0.995649	0.969196	0.00790434
	54	0.965047	0.96912	0.00775834
	55	0.960787	0.968968	0.00761876
	56	0.954448	0.968709	0.00748712
	57	0.972375	0.968773	0.00735604
	58	0.966991	0.968742	0.00722928
	59	0.975053	0.968849	0.00710754
	60	1.00477	0.969448	0.00701424
	61	1.01734	0.970233	0.00694305
	62	0.998837	0.970694	0.00684638
	63	1.01634	0.971419	0.00677594
	64	0.984397	0.971622	0.0066731
	65	0.969861	0.971595	0.00657049
	66	1.00436	0.972091	0.00648967
	67	0.979218	0.972198	0.00639368
	68	0.954463	0.971937	0.00630497
	69	0.969197	0.971897	0.00621372
	70	0.957242	0.971688	0.00612848
	71	0.926963	0.971058	0.00607445
	72	0.90304	0.970113	0.00606309
	73	0.922367	0.969459	0.00601521
	74	0.947165	0.969158	0.00594147
	75	0.977918	0.969274	0.00586339
	76	0.974417	0.969342	0.00578663
	77	0.978089	0.969456	0.0057126
	78	0.965202	0.969401	0.00563962
	79	1.00268	0.969822	0.00558394
	80	1.00458	0.970257	0.00553102
	81	1.00294	0.97066	0.00547743
	82	1.0173	0.971229	0.00544008
	83	0.992968	0.971491	0.00538084
	84	0.971548	0.971492	0.00531678
	85	0.971443	0.971491	0.00525423
	86	1.02676	0.972134	0.00523229
	87	1.03711	0.972881	0.00522519
	88	1.05928	0.973863	0.00525724
	89	1.02889	0.974481	0.00523441
	90	1.03911	0.975199	0.00522528
	91	0.977367	0.975223	0.00516791
	92	0.975159	0.975222	0.00511174
	93	0.974083	0.97521	0.00505679
	94	0.967999	0.975133	0.00500357
	95	0.997134	0.975365	0.00495626
	96	1.00469	0.97567	0.00491404
	97	0.985822	0.975775	0.00486449
	98	1.01678	0.976193	0.00483281
	99	1.02673	0.976704	0.00481088
	100	0.985139	0.976788	0.00476351
	101	0.982291	0.976843	0.00471666
	102	0.978736	0.976861	0.00467045
	103	0.984145	0.976932	0.00462565
	104	0.961839	0.976787	0.00458344
	105	0.949038	0.976522	0.0045474
	106	0.990293	0.976652	0.00450636
	107	1.01652	0.977025	0.00447962
	108	0.988388	0.97713	0.00443938
	109	1.01411	0.977469	0.00441159
	110	1.02832	0.977932	0.00439564
	111	1.05269	0.978605	0.00440734
	112	1.02075	0.978982	0.00438403
	113	1.0122	0.979275	0.00435507
	114	1.04182	0.979824	0.00435129
	115	0.996764	0.979971	0.00431595
	116	0.998155	0.980128	0.00428159
	117	1.06686	0.980869	0.00430868
	118	1.0314	0.981298	0.0042934
	119	1.02866	0.981696	0.00427573
	120	1.04966	0.982262	0.00427744
	121	1.06527	0.982948	0.00429675
	122	1.06867	0.983651	0.0043186
	123	1.06691	0.984328	0.00433622
	124	1.08282	0.985122	0.0043734
	125	1.05735	0.9857	0.00437642
	126	1.08123	0.986458	0.00440686
	127	1.09447	0.987309	0.00445348
	128	1.05257	0.987818	0.00444778
	129	1.05859	0.988367	0.00444701
	130	1.02453	0.988645	0.00442149
	131	1.0038	0.988761	0.00438925
	132	1.03323	0.989098	0.00436891
	133	1.02794	0.98939	0.00434581
	134	1.02657	0.989667	0.00432223
	135	1.01885	0.989884	0.00429562
	136	1.04917	0.990319	0.00428609
	137	1.07379	0.990929	0.00429789
	138	1.06203	0.991444	0.00429752
	139	1.04557	0.991833	0.00428421
	140	1.05127	0.992258	0.00427459
	141	1.05057	0.992671	0.00426423
	142	1.04411	0.993034	0.00424956
	143	1.04977	0.99343	0.00423832
	144	1.04605	0.993796	0.00422461
	145	1.05444	0.994214	0.00421613
	146	1.05044	0.994599	0.0042048
	147	1.06616	0.995086	0.00420428
	148	1.04435	0.995419	0.00418903
	149	1.0272	0.995632	0.00416634
	150	1.03767	0.995912	0.00414798
	151	1.04045	0.996207	0.00413098
	152	1.00523	0.996267	0.00410423
	153	1.01514	0.99639	0.00407926
	154	1.00743	0.996462	0.0040534
	155	1.01994	0.996613	0.00403008
	156	1.03881	0.996884	0.00401331
	157	1.08212	0.997427	0.0040243
	158	1.06293	0.997841	0.00402013
	159	1.01819	0.997969	0.00399688
	160	0.971473	0.997804	0.00397533
	161	0.96632	0.997608	0.00395545
	162	0.945882	0.997289	0.0039439
	163	0.95748	0.997044	0.00392725
	164	1.02547	0.997218	0.00390713
	165	0.996293	0.997212	0.00388345
	166	0.975689	0.997082	0.00386222
	167	0.985291	0.997012	0.00383974
	168	1.01311	0.997108	0.00381808
	169	1.01676	0.997224	0.00379726
	170	0.98428	0.997148	0.00377569
	171	0.964684	0.996958	0.00375838
	172	0.963224	0.996762	0.00374164
	173	0.950514	0.996495	0.00372955
	174	0.95531	0.996258	0.00371562
	175	1.00457	0.996305	0.00369469
	176	0.998734	0.996319	0.00367372
	177	1.00823	0.996386	0.00365359
	178	1.04539	0.996662	0.00364342
	179	1.04241	0.996917	0.00363202
	180	1.02163	0.997055	0.00361443
	181	0.995352	0.997045	0.00359448
	182	0.979872	0.996951	0.00357596
	183	0.971457	0.996812	0.00355914
	184	1.0036	0.996848	0.00353998
	185	1.03422	0.99705	0.00352661
	186	1.01267	0.997134	0.00350865
	187	0.983359	0.997061	0.00349066
	188	1.04238	0.997302	0.0034804
	189	1.01084	0.997374	0.00346273
	190	0.969396	0.997226	0.00344763
	191	0.9935	0.997207	0.00342964
	192	0.983266	0.997134	0.00341254
	193	0.990382	0.997099	0.00339504
	194	0.965008	0.996934	0.00338157
	195	0.964161	0.996766	0.0033684
	196	0.96559	0.996607	0.00335497
	197	0.974719	0.996496	0.00333978
	198	0.996456	0.996495	0.00332291
	199	1.00785	0.996552	0.0033067
	200	0.980971	0.996474	0.00329108
	201	1.00571	0.99652	0.00327503
	202	1.01508	0.996612	0.00326011
	203	0.979504	0.996528	0.00324514
	204	0.974855	0.996422	0.00323097
	205	0.981233	0.996348	0.00321606
	206	0.99324	0.996333	0.00320048
	207	1.01987	0.996446	0.00318704
	208	1.00425	0.996484	0.00317194
	209	1.01499	0.996572	0.003158
	210	0.972499	0.996458	0.00314504
	211	0.957683	0.996274	0.0031355
	212	0.977681	0.996186	0.00312193
	213	0.98891	0.996152	0.00310746
	214	0.99051	0.996126	0.00309305
	215	0.966979	0.99599	0.00308164
	216	0.945369	0.995756	0.00307627
	217	0.94472	0.995521	0.00307107
	218	0.986553	0.99548	0.00305726
	219	0.98234	0.99542	0.00304389
	220	0.980284	0.995351	0.00303083
	221	0.992439	0.995338	0.00301714
	222	0.994559	0.995334	0.00300355
	223	1.01305	0.995413	0.00299113
	224	1.00973	0.995477	0.00297846
	225	0.956466	0.995304	0.00297027
	226	0.952621	0.995115	0.00296312
	227	0.977898	0.995039	0.00295104
	228	0.975307	0.994953	0.00293937
	229	0.953403	0.994771	0.00293213
	230	0.981395	0.994713	0.00291996
	231	0.97662	0.994635	0.00290836
	232	1.00246	0.994669	0.00289602
	233	1.0029	0.994704	0.00288381
	234	1.00897	0.994765	0.00287213
	235	1.02274	0.994884	0.00286238
	236	1.0166	0.994976	0.00285173
	237	1.03653	0.995151	0.00284508
	238	1.05512	0.995403	0.00284426
	239	1.03217	0.995557	0.00283652
	240	1.02257	0.99567	0.00282693
	241	1.02268	0.995782	0.00281742
	242	1.01921	0.995879	0.00280744
	243	1.0145	0.995955	0.00279693
	244	1.02773	0.996085	0.0027885
	245	1.00747	0.996132	0.00277751
	246	1.00149	0.996154	0.0027663
	247	1.0271	0.996279	0.00275794
	248	1.00274	0.996305	0.00274694
	249	1.03152	0.996446	0.00273955
	250	1.05847	0.996694	0.0027398
	251	1.05021	0.996908	0.00273717
	252	1.03238	0.997048	0.00272992
	253	0.991222	0.997025	0.00271923
	254	0.988557	0.996992	0.00270873
	255	0.964426	0.996864	0.00270111
	256	1.01569	0.996938	0.00269156
	257	1.02421	0.997044	0.00268318
	258	1.00122	0.99706	0.00267283
	259	0.967697	0.996947	0.00266491
	260	0.962665	0.996815	0.00265792
	261	0.984009	0.996766	0.00264819
	262	1.01899	0.996851	0.00263944
	263	0.983564	0.9968	0.00262989
	264	0.996713	0.9968	0.00261993
	265	1.01895	0.996883	0.00261138
	266	1.01568	0.996954	0.00260252
	267	1.00081	0.996969	0.00259281
	268	0.994004	0.996958	0.00258316
	269	0.967746	0.996849	0.00257584
	270	0.965328	0.996732	0.00256894
	271	0.982664	0.99668	0.00255998
	272	0.954271	0.996524	0.00255532
	273	0.972629	0.996437	0.00254746
	274	0.988177	0.996407	0.00253834
	275	0.980832	0.99635	0.00252974
	276	0.966223	0.996241	0.00252293
	277	0.963022	0.996121	0.00251667
	278	0.974997	0.996045	0.00250876
	279	0.983928	0.996002	0.00250014
	280	0.988078	0.995973	0.00249138
	281	0.983009	0.995927	0.00248294
	282	0.957654	0.995791	0.00247784
	283	0.961365	0.99567	0.00247207
	284	0.968072	0.995573	0.00246527
	285	0.992636	0.995562	0.00245664
	286	0.992175	0.99555	0.00244808
	287	1.02713	0.99566	0.00244202
	288	1.01742	0.995736	0.00243471
	289	1.0128	0.995795	0.002427
	290	1.04868	0.995977	0.00242548
	291	1.00754	0.996017	0.00241747
	292	0.995777	0.996016	0.00240919
	293	1.00481	0.996046	0.00240115
	294	1.0019	0.996066	0.00239307
	295	1.00602	0.9961	0.00238519
	296	0.970036	0.996012	0.00237876
	297	0.981897	0.995964	0.00237123
	298	0.979502	0.995909	0.00236391
	299	1.0007	0.995925	0.00235606
	300	0.972096	0.995846	0.00234955
	301	0.973349	0.995771	0.00234293
	302	1.0056	0.995804	0.0023354
	303	0.994284	0.995799	0.00232769
	304	0.973706	0.995726	0.00232117
	305	0.980294	0.995675	0.00231411
	306	0.988838	0.995653	0.00230666
	307	1.02046	0.995734	0.00230056
	308	0.9984	0.995742	0.00229311
	309	1.00164	0.995761	0.00228577
	310	1.02072	0.995842	0.00227981
	311	0.999623	0.995854	0.00227251
	312	0.971011	0.995775	0.00226662
	313	0.973104	0.995702	0.00226054
	314	0.969762	0.995619	0.00225485
	315	0.964741	0.995521	0.00224982
	316	0.944659	0.99536	0.00224845
	317	0.966287	0.995269	0.00224323
	318	0.993112	0.995262	0.00223618
	319	0.980297	0.995215	0.00222966
	320	0.979947	0.995167	0.00222321
	321	1.00197	0.995189	0.00221638
	322	0.993556	0.995183	0.0022095
	323	1.00834	0.995224	0.00220304
	324	1.06025	0.995425	0.00220536
	325	1.01615	0.995489	0.0021995
	326	0.992218	0.995479	0.00219277
	327	0.975671	0.995418	0.0021869
	328	0.951272	0.995283	0.00218437
	329	0.925464	0.995071	0.00218802
	330	0.932338	0.994881	0.00218963
	331	0.896984	0.994585	0.0022029
	332	0.922381	0.994368	0.00220698
	333	0.938056	0.994199	0.00220682
	334	0.964211	0.994109	0.00220204
	335	0.968394	0.994032	0.0021968
	336	0.956125	0.993919	0.00219316
	337	0.93831	0.993754	0.00219285
	338	0.957156	0.993646	0.00218903
	339	0.978296	0.993601	0.00218304
	340	1.00109	0.993623	0.00217673
	341	0.982014	0.993589	0.00217062
	342	1.00612	0.993625	0.00216458
	343	1.01563	0.99369	0.00215922
	344	0.974588	0.993634	0.00215365
	345	0.959134	0.993534	0.00214973
	346	0.992123	0.99353	0.00214352
	347	1.00297	0.993557	0.00213752
	348	1.03557	0.993678	0.00213478
	349	1.04653	0.993829	0.00213403
	350	1.02096	0.993907	0.00212934
	351	0.991381	0.9939	0.00212329
	352	0.960156	0.993804	0.00211942
	353	0.972696	0.993744	0.00211426
	354	0.954785	0.993634	0.00211115
	355	0.937535	0.993476	0.00211111
	356	0.948364	0.993349	0.00210898
	357	0.947342	0.99322	0.002107
	358	0.963032	0.993136	0.0021028
	359	0.959959	0.993044	0.00209898
	360	0.958844	0.992949	0.00209529
	361	0.961614	0.992862	0.00209129
	362	0.958299	0.992766	0.00208769
	363	0.949471	0.992647	0.00208534
	364	0.950361	0.992531	0.00208285
	365	0.958028	0.992436	0.00207928
	366	0.92925	0.992264	0.00208076
	367	0.933307	0.992103	0.00208128
	368	0.958875	0.992013	0.00207758
	369	1.00202	0.99204	0.00207213
	370	0.991951	0.99204	0.00206653
	371	0.961437	0.991957	0.0020626
	372	0.973609	0.991908	0.00205765
	373	0.989464	0.991901	0.00205214
	374	0.995187	0.99191	0.00204667
	375	0.983299	0.991887	0.00204134
	376	0.979685	0.991855	0.00203617
	377	0.978816	0.99182	0.00203107
	378	0.98549	0.991803	0.00202576
	379	1.01726	0.991871	0.00202153
	380	0.98112	0.991842	0.00201641
	381	1.00516	0.991877	0.00201142
	382	1.02143	0.991955	0.00200764
	383	1.02089	0.99203	0.00200382
	384	1.06477	0.99222	0.00200754
	385	1.02258	0.992298	0.00200387
	386	1.01903	0.992368	0.00199988
	387	1.01077	0.992415	0.00199527
	388	1.02083	0.992488	0.00199147
	389	1.01478	0.992546	0.00198718
	390	1.03067	0.992644	0.00198449
	391	1.03709	0.992757	0.00198266
	392	0.981721	0.992729	0.00197781
	393	0.938925	0.992592	0.00197751
	394	0.973563	0.992544	0.00197308
	395	0.970831	0.992489	0.00196885
	396	0.964662	0.992419	0.00196513
	397	0.990151	0.992413	0.00196019
	398	0.998965	0.992429	0.00195533
	399	0.987579	0.992417	0.00195047
	400	0.985563	0.9924	0.00194567
	401	0.954417	0.992305	0.00194312
	402	0.932571	0.992157	0.00194396
	403	0.958799	0.992074	0.0019409
	404	0.991491	0.992073	0.00193609
	405	0.977867	0.992037	0.00193163
	406	0.966336	0.991974	0.00192791
	407	0.976792	0.991937	0.00192353
	408	0.963596	0.991867	0.00192007
	409	0.931617	0.99172	0.00192102
	410	0.921523	0.991549	0.00192395
	411	0.893276	0.99131	0.00193407
	412	0.930978	0.991163	0.00193491
	413	0.948927	0.991061	0.00193293
	414	0.949365	0.99096	0.00193088
	415	0.939579	0.990837	0.00193019
	416	0.942805	0.990721	0.001929
	417	0.937601	0.990594	0.00192858
	418	0.927524	0.990443	0.00192986
	419	0.939527	0.990321	0.00192907
	420	0.947006	0.990218	0.00192724
	421	0.954058	0.990132	0.00192457
	422	0.940294	0.990014	0.00192363
	423	0.952602	0.989926	0.00192112
	424	0.953847	0.989841	0.00191847
	425	0.960654	0.989772	0.00191518
	426	0.96731	0.989719	0.00191141
	427	0.956564	0.989642	0.00190851
	428	0.966941	0.989589	0.00190479
	429	0.956203	0.989511	0.00190194
	430	0.955995	0.989433	0.00189911
	431	0.974514	0.989398	0.00189502
	432	0.93697	0.989277	0.00189452
	433	0.938636	0.98916	0.00189375
	434	0.953283	0.989077	0.00189119
	435	0.970401	0.989034	0.00188733
	436	0.979183	0.989012	0.00188313
	437	0.950194	0.988923	0.00188092
	438	0.937312	0.988805	0.00188031
	439	0.977299	0.988779	0.00187621
	440	0.972344	0.988741	0.00187232
	441	0.991975	0.988749	0.00186809
	442	0.97056	0.988708	0.00186431
	443	0.95936	0.988641	0.00186128
	444	0.990565	0.988646	0.0018571
	445	0.995611	0.988661	0.00185299
	446	0.988182	0.98866	0.00184883
	447	0.992483	0.988669	0.00184472
	448	0.980655	0.988651	0.00184069
	449	0.961434	0.98859	0.00183759
	450	0.999236	0.988614	0.00183365
	451	1.0019	0.988643	0.00182982
	452	1.00661	0.988683	0.00182621
	453	1.02083	0.988754	0.00182356
	454	1.00009	0.988779	0.00181971
	455	1.0245	0.988858	0.0018174
	456	1.0198	0.988925	0.00181468
	457	1.0211	0.988996	0.00181208
	458	1.00085	0.989022	0.00180831
	459	0.988315	0.98902	0.00180437
	460	1.01474	0.989076	0.00180131
	461	1.00366	0.989108	0.00179768
	462	0.981528	0.989091	0.00179387
	463	0.97547	0.989062	0.00179023
	464	0.990602	0.989065	0.00178638
	465	1.00922	0.989109	0.00178306
	466	0.978971	0.989087	0.00177937
	467	0.972289	0.989051	0.00177592
	468	0.979324	0.98903	0.00177225
	469	0.989149	0.98903	0.00176847
	470	0.964008	0.988977	0.00176551
	471	0.957314	0.98891	0.00176304
	472	0.977039	0.988885	0.00175948
	473	0.975361	0.988856	0.00175599
	474	1.03752	0.988959	0.00175529
	475	1.02148	0.989027	0.00175293
	476	1.00741	0.989066	0.00174967
	477	1.0295	0.989151	0.00174806
	478	1.05191	0.989282	0.00174932
	479	1.02751	0.989362	0.00174749
	480	0.995872	0.989375	0.0017439
	481	0.993432	0.989384	0.0017403
	482	1.04158	0.989492	0.00174005
	483	1.06206	0.989642	0.00174292
	484	1.02103	0.989707	0.00174053
	485	1.02589	0.989782	0.00173854
	486	0.968115	0.989737	0.00173553
	487	0.999518	0.989757	0.00173209
	488	0.988786	0.989755	0.00172854
	489	0.994938	0.989766	0.00172504
	490	0.986717	0.98976	0.00172153
	491	0.968458	0.989716	0.00171857
	492	0.991709	0.98972	0.00171508
	493	1.0036	0.989748	0.00171183
	494	0.995534	0.98976	0.00170841
	495	0.969328	0.989719	0.00170545
	496	0.975616	0.98969	0.00170225
	497	0.988142	0.989687	0.00169883
	498	0.973816	0.989656	0.00169572
	499	0.96297	0.989602	0.00169316
	500	1.00167	0.989626	0.00168995
	501	1.00658	0.98966	0.00168691
	502	0.983719	0.989648	0.00168359
	503	0.954454	0.989578	0.0016817
	504	0.960705	0.989521	0.00167934
	505	0.964866	0.989472	0.00167672
	506	0.959414	0.989413	0.00167446
	507	0.937455	0.98931	0.00167429
	508	0.941288	0.989216	0.00167366
	509	0.94682	0.989132	0.00167245
	510	0.95857	0.989072	0.00167024
	511	0.981273	0.989057	0.00166704
	512	0.966331	0.989013	0.00166438
	513	0.967673	0.988971	0.00166165
	514	0.935192	0.988867	0.00166171
	515	0.956853	0.988804	0.00165964
	516	0.93888	0.988708	0.00165925
	517	0.928086	0.98859	0.00166017
	518	0.935735	0.988488	0.0016601
	519	0.942993	0.988401	0.00165922
	520	0.949883	0.988327	0.00165768
	521	0.961946	0.988276	0.00165527
	522	0.951934	0.988206	0.00165356
	523	0.95011	0.988134	0.001652
	524	0.942861	0.988047	0.00165111
	525	0.970442	0.988014	0.00164831
	526	0.954566	0.98795	0.0016464
	527	0.925875	0.987832	0.00164748
	528	0.939766	0.987741	0.00164687
	529	0.966072	0.9877	0.00164427
	530	0.971067	0.987669	0.00164147
	531	1.00778	0.987707	0.00163881
	532	0.970202	0.987674	0.00163606
	533	0.966218	0.987634	0.00163349
	534	1.01653	0.987688	0.00163133
	535	1.00872	0.987727	0.00162875
	536	1.02143	0.98779	0.00162692
	537	1.05302	0.987911	0.00162842
	538	1.01596	0.987963	0.00162623
	539	1.00057	0.987987	0.00162338
	540	1.01292	0.988033	0.00162103
	541	1.00843	0.988071	0.00161847
	542	1.02288	0.988135	0.00161676
	543	1.06065	0.988269	0.00161929
	544	1.04871	0.98838	0.00162012
	545	1.06174	0.988514	0.00162273
	546	1.05691	0.988639	0.00162459
	547	1.05633	0.988763	0.00162632
	548	0.999815	0.988783	0.00162348
	549	0.962886	0.988736	0.00162121
	550	1.01522	0.988784	0.00161898
	551	1.02493	0.98885	0.00161737
	552	1.03103	0.988926	0.00161624
	553	1.00477	0.988955	0.00161357
	554	0.989512	0.988956	0.00161066
	555	0.969712	0.988921	0.00160813
	556	0.958906	0.988867	0.00160614
	557	0.980397	0.988852	0.00160333
	558	0.994682	0.988863	0.00160049
	559	1.01784	0.988914	0.00159847
	560	1.02378	0.988977	0.00159683
	561	1.00552	0.989006	0.00159425
	562	0.967088	0.988967	0.00159189
	563	0.987316	0.988964	0.00158907
	564	1.01327	0.989007	0.00158683
	565	0.972199	0.988978	0.0015843
	566	0.971164	0.988946	0.00158182
	567	0.975676	0.988923	0.0015792
	568	0.968449	0.988887	0.00157683
	569	1.00252	0.988911	0.00157424
	570	0.97156	0.98888	0.00157178
	571	0.989357	0.988881	0.00156902
	572	0.949344	0.988812	0.0015678
	573	0.91752	0.988688	0.00156999
	574	0.940605	0.988604	0.00156949
	575	0.974263	0.988579	0.00156696
	576	0.972723	0.988551	0.00156448
	577	0.969027	0.988517	0.00156214
	578	1.00102	0.988539	0.00155958
	579	1.04374	0.988634	0.0015598
	580	1.05344	0.988746	0.00156111
	581	1.04271	0.988839	0.00156118
	582	1.01287	0.98888	0.00155905
	583	1.02885	0.988949	0.00155788
	584	1.00206	0.988971	0.00155537
	585	1.01262	0.989012	0.00155324
	586	1.0007	0.989032	0.00155072
	587	0.965547	0.988992	0.00154859
	588	0.984076	0.988983	0.00154598
	589	1.00633	0.989013	0.00154364
	590	1.02037	0.989066	0.00154194
	591	1.01857	0.989116	0.00154014
	592	0.989377	0.989116	0.00153753
	593	1.00214	0.989138	0.0015351
	594	1.0122	0.989177	0.001533
	595	0.992563	0.989183	0.00153044
	596	0.963233	0.989139	0.00152849
	597	0.998725	0.989155	0.00152601
	598	1.00026	0.989174	0.00152357
	599	0.992909	0.98918	0.00152104
	600	0.986141	0.989175	0.00151852
