BLOCK	ACTUAL_V	V_AVE	ERROR
1	0.395616	0.395616	0
2	-0.0408664	0.177375	0.15432
3	-0.0223482	0.110801	0.116357
4	1.22492	0.389332	0.256516
5	0.860454	0.483556	0.221844
6	1.04048	0.576376	0.203363
7	0.555744	0.573428	0.174333
8	-0.0894203	0.490572	0.171102
9	1.49709	0.602407	0.185065
10	1.00709	0.642876	0.170925
11	1.01232	0.676461	0.158652
12	-0.143259	0.608151	0.15946
13	-0.0480361	0.557675	0.154977
14	-0.180377	0.504957	0.152611
15	0.242613	0.487468	0.143435
16	1.00942	0.52009	0.138131
17	0.493702	0.518537	0.130014
18	0.124946	0.496671	0.124616
19	-0.19517	0.460259	0.123263
20	0.134005	0.443946	0.118174
21	0.0873576	0.426965	0.11376
22	0.0943622	0.411847	0.109589
23	0.120963	0.3992	0.105552
24	0.293042	0.394777	0.101246
25	0.142791	0.384697	0.0976968
26	-0.233893	0.360905	0.0967929
27	0.439878	0.36383	0.0932522
28	-0.0466585	0.34917	0.0910668
29	-0.0198673	0.336445	0.0888112
30	-0.242837	0.317135	0.0879249
31	-0.117404	0.303118	0.0861988
32	-0.222997	0.286677	0.0850585
33	-0.0713502	0.275827	0.08317
34	-0.0894754	0.265083	0.0814149
35	-0.217765	0.251288	0.0802491
36	-0.276098	0.236638	0.0793458
37	-0.232329	0.223963	0.0782071
38	0.0899291	0.220436	0.0762286
39	-0.248345	0.208416	0.0752157
40	0.0175875	0.203645	0.0734864
41	-0.0240503	0.198092	0.0719036
42	-0.288022	0.186518	0.0711171
43	-0.184951	0.177879	0.0699859
44	-0.171658	0.169935	0.0688447
45	-0.310176	0.159266	0.0681365
46	-0.129144	0.152996	0.0669431
47	-0.247834	0.144468	0.0660598
48	-0.205272	0.137181	0.0650841
49	-0.206646	0.130164	0.064133
50	-0.0634751	0.126292	0.0629672
51	-0.249592	0.118921	0.0621624
52	-0.191164	0.112958	0.0612523
53	-0.250527	0.1061	0.0604793
54	-0.290802	0.0987499	0.0598043
55	-0.214081	0.0930621	0.0589868
56	-0.187806	0.0880466	0.0581463
57	-0.349149	0.0803765	0.0576299
58	-0.0795937	0.0776184	0.0567022
59	-0.245474	0.0721422	0.056005
60	-0.304507	0.0658648	0.0554223
61	-0.288605	0.0600538	0.0548175
62	-0.328479	0.0537871	0.0542903
63	-0.320977	0.0478385	0.0537535
64	-0.186579	0.0441757	0.0530382
65	-0.269787	0.0393455	0.0524418
66	-0.316249	0.0339577	0.0519232
67	-0.385108	0.027703	0.0515236
68	-0.377928	0.0217378	0.05111
69	-0.290271	0.017216	0.0505689
70	-0.361153	0.0118107	0.0501346
71	-0.279911	0.00770195	0.0495965
72	-0.36722	0.00249471	0.0491803
73	-0.381128	-0.0027604	0.0487866
74	-0.346589	-0.00740674	0.048348
75	-0.289124	-0.011163	0.0478491
76	-0.334716	-0.0154202	0.0474085
77	-0.224292	-0.0181329	0.0468703
78	-0.291201	-0.0216338	0.0464
79	-0.37338	-0.0260862	0.0460258
80	-0.383798	-0.0305576	0.0456671
81	-0.400661	-0.0351268	0.0453314
82	-0.408283	-0.0396775	0.0450064
83	-0.368112	-0.0436345	0.0446377
84	-0.39804	-0.0478536	0.0443053
85	-0.404755	-0.0520525	0.0439826
86	-0.345372	-0.0554632	0.0436032
87	-0.404235	-0.0594721	0.0432859
88	-0.287248	-0.0620604	0.0428713
89	-0.397135	-0.0658253	0.0425546
90	-0.366587	-0.0691671	0.0422128
91	-0.406948	-0.072879	0.0419118
92	-0.421226	-0.0766654	0.0416269
93	-0.400937	-0.0801521	0.0413251
94	-0.402233	-0.0835785	0.0410273
95	-0.403023	-0.0869411	0.040733
96	-0.387538	-0.0900723	0.0404288
97	-0.418389	-0.093457	0.0401535
98	-0.41527	-0.0967408	0.0398778
99	-0.40794	-0.0998843	0.0395987
100	-0.428594	-0.103171	0.0393389
101	-0.369689	-0.10581	0.0390378
102	-0.356129	-0.108264	0.0387321
103	-0.409437	-0.111188	0.0384663
104	-0.41426	-0.114102	0.0382067
105	-0.425325	-0.117066	0.0379576
106	-0.414194	-0.11987	0.0377029
107	-0.419316	-0.122668	0.0374542
108	-0.431932	-0.125532	0.0372167
109	-0.431761	-0.128341	0.0369812
110	-0.427872	-0.131064	0.0367451
111	-0.426589	-0.133726	0.0365104
112	-0.428099	-0.136355	0.0362789
113	-0.433962	-0.138988	0.0360533
114	-0.433072	-0.141568	0.0358292
115	-0.434994	-0.14412	0.0356084
116	-0.431812	-0.1466	0.0353877
117	-0.429353	-0.149016	0.0351677
118	-0.434662	-0.151437	0.0349528
119	-0.433719	-0.153809	0.0347395
120	-0.434826	-0.156151	0.0345289
121	-0.437317	-0.158475	0.0343216
122	-0.43094	-0.160708	0.0341129
123	-0.429816	-0.162896	0.0339056
124	-0.431347	-0.165061	0.0337012
125	-0.438926	-0.167252	0.0335028
126	-0.437339	-0.169395	0.0333054
127	-0.43797	-0.17151	0.0331102
128	-0.43758	-0.173589	0.0329167
129	-0.434823	-0.175614	0.0327238
130	-0.437278	-0.177627	0.0325339
131	-0.437529	-0.179611	0.032346
132	-0.438325	-0.181571	0.0321603
133	-0.436157	-0.183485	0.0319754
134	-0.441058	-0.185407	0.0317945
135	-0.440478	-0.187296	0.031615
136	-0.437773	-0.189138	0.0314362
137	-0.439592	-0.190966	0.0312598
138	-0.440282	-0.192773	0.0310855
139	-0.441876	-0.194565	0.0309134
140	-0.440121	-0.196319	0.0307424
141	-0.439703	-0.198045	0.0305727
142	-0.442096	-0.199764	0.0304057
143	-0.438511	-0.201433	0.0302389
144	-0.437606	-0.203073	0.0300733
145	-0.437805	-0.204692	0.0299095
146	-0.433334	-0.206258	0.0297456
147	-0.442048	-0.207862	0.0295865
148	-0.441769	-0.209443	0.0294287
149	-0.440985	-0.210997	0.0292722
150	-0.436155	-0.212498	0.0291155
