0	20.3146
1	20.3146
2	20.3146
3	20.3146
4	20.3146
5	20.3146
6	20.3146
7	20.3146
8	20.3146
9	20.3146
10	20.3146
11	20.3146
12	20.3146
13	20.3146
14	20.3146
15	20.3146
16	20.3146
17	20.3146
18	20.3146
19	20.4756
20	20.4756
21	21.0938
22	21.0938
23	21.0938
24	21.0938
25	21.0938
26	21.0938
27	21.0938
28	21.0938
29	21.0938
30	21.0938
31	21.0938
32	21.0938
33	21.0938
34	21.0938
35	21.0938
36	21.3123
37	21.3123
38	21.3123
39	21.5062
40	21.6814
41	21.6814
42	21.7247
43	21.7247
44	21.7478
45	21.7478
46	22.3431
47	22.4482
48	22.4482
49	22.4482
50	22.5398
51	22.5398
52	22.5398
53	22.5512
54	22.5512
55	22.6326
56	22.6326
57	22.6326
58	22.6326
59	22.6326
60	22.6326
61	22.6326
62	22.6326
63	22.6326
64	22.6326
65	22.6326
66	22.6326
67	22.6326
68	22.6855
69	22.7936
70	22.7936
71	22.7936
72	22.9562
73	23.045
74	23.045
75	23.045
76	23.045
77	23.045
78	23.0968
79	23.1442
80	23.1727
81	23.5059
82	23.5572
83	23.5905
84	23.7494
85	23.9184
86	24.3246
87	24.4095
88	24.4211
89	24.47
90	24.9911
91	25.0125
92	25.1535
93	25.2267
94	25.3213
95	25.4906
96	25.5514
97	25.5976
98	27.5414
99	27.5414
