0	21.0938
1	21.0938
2	21.0938
3	21.0938
4	21.0938
5	21.0938
6	21.0938
7	21.0938
8	21.0938
9	21.0938
10	21.0938
11	21.0938
12	21.0938
13	21.0938
14	21.0938
15	21.0938
16	21.0938
17	21.0938
18	21.0938
19	21.0938
20	21.0938
21	21.0938
22	21.0938
23	21.0938
24	21.0938
25	21.0938
26	21.3123
27	21.3123
28	21.3123
29	21.5062
30	22.6326
31	22.6326
32	22.6326
33	22.6326
34	22.6326
35	22.6326
36	22.6326
37	22.6326
38	22.6326
39	22.6326
40	22.6326
41	22.6326
42	22.6326
43	22.6326
44	22.6326
45	22.6326
46	22.6326
47	22.6326
48	22.6326
49	22.6326
50	22.6326
51	22.6326
52	22.6326
53	22.6326
54	22.6326
55	22.6326
56	22.6326
57	22.6326
58	22.6326
59	22.6326
60	22.6855
61	22.6855
62	22.6855
63	22.7858
64	22.7936
65	22.7936
66	22.7936
67	22.7936
68	22.7936
69	23.045
70	23.045
71	23.045
72	23.045
73	23.4615
74	23.5059
75	23.6855
76	23.7471
77	24.1417
78	24.1417
79	24.3246
80	24.3246
81	24.3246
82	24.3246
83	24.391
84	24.47
85	24.4721
86	24.5177
87	24.5177
88	24.803
89	24.8575
90	25.0125
91	25.0125
92	25.0125
93	25.2267
94	25.4518
95	25.4906
96	26.1801
97	26.7544
98	26.8301
99	27.5414
