0	17.0458
1	17.0458
2	17.0458
3	17.0458
4	17.0458
5	17.0458
6	17.0458
7	17.0458
8	17.0458
9	17.0458
10	17.0458
11	17.0458
12	17.0458
13	17.0458
14	17.0458
15	17.0458
16	17.0458
17	17.0458
18	17.0458
19	17.0458
20	17.0458
21	17.0458
22	17.0458
23	17.0458
24	17.0458
25	17.0458
26	17.0458
27	17.0458
28	17.0458
29	17.0458
30	17.0458
31	17.0458
32	17.0458
33	17.0458
34	17.0458
35	17.0458
36	17.4583
37	17.4583
38	17.4583
39	17.4583
40	17.4583
41	17.6009
42	17.6009
43	17.6009
44	17.6396
45	18.0134
46	18.0134
47	18.0134
48	18.7379
49	18.7379
50	18.7379
51	18.7421
52	19.1619
53	19.2713
54	19.4258
55	19.4258
56	19.4419
57	19.4586
58	19.5485
59	19.7881
60	19.8378
61	19.9039
62	19.9809
63	19.9913
64	19.9913
65	20.1768
66	20.1768
67	20.2636
68	20.3146
69	20.3146
70	20.3146
71	20.3146
72	20.3146
73	20.459
74	20.5091
75	20.5091
76	20.5624
77	20.5692
78	20.6444
79	20.6473
80	20.6473
81	20.7261
82	20.727
83	20.8839
84	21.2761
85	21.3791
86	21.4315
87	21.4315
88	21.6512
89	21.9146
90	22.3209
91	22.3892
92	23.1658
93	23.4303
94	23.5604
95	23.6321
96	23.6817
97	23.7187
98	24.1215
99	24.206
