0	14.5388
1	14.5388
2	14.5388
3	14.5388
4	14.5388
5	14.5388
6	14.5388
7	14.5388
8	14.5388
9	14.5388
10	14.5388
11	14.5388
12	14.5388
13	14.5388
14	14.5388
15	14.5388
16	14.5388
17	14.5388
18	14.5388
19	14.5388
20	14.5388
21	14.5388
22	14.5388
23	14.5388
24	14.5388
25	14.5388
26	14.5388
27	14.5388
28	14.5388
29	14.5388
30	14.5388
31	14.5388
32	14.5388
33	14.5388
34	14.5388
35	14.5388
36	14.5388
37	14.5388
38	14.5388
39	14.5388
40	14.5388
41	14.5388
42	14.5388
43	14.5388
44	14.5388
45	14.5388
46	14.5388
47	14.5388
48	14.5388
49	14.5388
50	14.5388
51	14.5388
52	14.5388
53	14.5388
54	14.5388
55	14.5388
56	14.5388
57	14.5388
58	14.5388
59	14.5388
60	14.5388
61	14.5388
62	14.5388
63	14.5388
64	14.5388
65	14.5388
66	14.5388
67	14.5388
68	14.5388
69	14.5388
70	14.5388
71	14.5388
72	14.5388
73	14.5388
74	14.5388
75	14.5388
76	14.5388
77	14.5388
78	14.5388
79	14.5388
80	14.5388
81	14.5388
82	14.5388
83	14.5388
84	14.5388
85	14.5388
86	14.5388
87	14.5388
88	14.5388
89	14.5388
90	14.5388
91	14.5388
92	14.5388
93	14.5388
94	14.5388
95	14.5388
96	14.5388
97	14.5388
98	14.5388
99	14.5388
100	14.5388
101	14.5388
102	14.5388
103	14.5388
104	14.5388
105	14.5388
106	14.5388
107	14.5388
108	14.5388
109	14.5388
110	14.5388
111	14.5388
112	14.5388
113	14.5388
114	14.5388
115	14.5388
116	14.5388
117	14.5388
118	14.5388
119	14.5388
120	14.5388
121	14.5388
122	14.5388
123	14.5388
124	14.5388
125	14.5388
126	14.5388
127	14.5388
128	14.5388
129	14.5388
130	14.5388
131	14.5388
132	14.5388
133	14.5388
134	14.5388
135	14.5388
136	14.5388
137	14.5388
138	14.5388
139	14.5388
140	14.5388
141	15.2857
142	15.2857
143	15.2857
144	15.2857
145	15.2857
146	15.2857
147	15.2857
148	15.2857
149	15.2857
150	15.2857
151	15.2857
152	15.2857
153	15.2857
154	15.2857
155	15.2857
156	15.5333
157	15.5333
158	15.5333
159	15.6362
160	15.6362
161	15.6362
162	15.6362
163	15.8715
164	15.8715
165	15.8715
166	15.8715
167	15.8715
168	15.8715
169	17.1046
170	17.2099
171	17.2099
172	17.2099
173	17.2099
174	17.6011
175	17.6011
176	17.6011
177	17.8426
178	17.9058
179	17.9058
180	17.9058
181	18.5172
182	18.5612
183	18.8967
184	20.1904
185	20.1904
186	20.2326
187	20.4176
188	21.1941
189	21.1941
190	21.1941
191	21.1941
192	21.4721
193	21.4721
194	23.0696
195	23.0696
196	23.0696
197	23.0696
198	23.4352
199	23.4415
