0	10.6771
1	10.6771
2	10.6771
3	10.6771
4	10.6771
5	10.6771
6	10.6771
7	10.6771
8	10.6771
9	10.6771
10	10.6771
11	10.6771
12	10.6771
13	10.6771
14	10.6771
15	10.6771
16	10.6771
17	10.6771
18	11.2627
19	11.2627
20	11.2627
21	11.2627
22	11.2627
23	11.2627
24	11.2627
25	11.2627
26	11.2627
27	11.2627
28	11.2627
29	11.2627
30	11.2627
31	11.2627
32	11.2627
33	11.2627
34	11.2627
35	11.2627
36	11.2627
37	11.2627
38	11.2627
39	11.2627
40	11.2627
41	11.2627
42	11.2627
43	11.2627
44	11.2627
45	11.2627
46	11.2627
47	11.2627
48	11.2627
49	11.2627
50	11.6197
51	12.2053
52	12.2053
53	12.2053
54	12.2053
55	12.2053
56	12.2053
57	12.2053
58	12.2053
59	12.3829
60	12.3829
61	12.4993
62	12.628
63	12.6597
64	12.9063
65	13.1511
66	13.2453
67	13.4862
68	13.502
69	13.502
70	14.0691
71	14.0691
72	14.5028
73	14.76
74	14.8636
75	14.8938
76	14.9293
77	14.9293
78	14.9293
79	14.9293
80	14.9551
81	15.174
82	15.174
83	15.174
84	15.2092
85	15.2111
86	15.8632
87	15.8632
88	15.9408
89	15.9541
90	16.4763
91	16.629
92	16.629
93	17.0596
94	17.6672
95	17.7605
96	17.7746
97	17.7792
98	17.7792
99	17.8704
