0	22.6326
1	22.6326
2	22.6326
3	22.6326
4	22.6326
5	22.6326
6	22.6326
7	22.6326
8	22.6326
9	22.6326
10	22.6326
11	22.6326
12	22.6326
13	22.6326
14	22.6326
15	22.6326
16	22.6326
17	22.6326
18	22.6326
19	22.6326
20	22.6326
21	22.6326
22	22.6326
23	22.6326
24	22.6326
25	22.6326
26	22.6326
27	22.6326
28	22.6326
29	22.6326
30	22.6326
31	22.6326
32	22.6326
33	22.6326
34	22.6326
35	22.6326
36	22.6326
37	22.6326
38	22.6326
39	22.6326
40	22.6326
41	23.045
42	23.045
43	23.045
44	23.045
45	23.3347
46	23.3347
47	23.3347
48	23.3347
49	23.3347
50	23.3347
51	23.3347
52	23.3347
53	23.3347
54	23.5102
55	23.5589
56	23.6923
57	23.7471
58	23.7674
59	23.8585
60	23.8585
61	23.8621
62	23.8621
63	24.0908
64	24.3246
65	24.3246
66	24.3246
67	24.3246
68	24.3501
69	24.4043
70	24.47
71	24.47
72	24.4813
73	24.5177
74	24.5473
75	24.5801
76	24.7352
77	24.8226
78	25.0125
79	25.0267
80	25.0267
81	25.0267
82	25.0267
83	25.0967
84	25.1383
85	25.1502
86	25.2273
87	25.4677
88	25.685
89	25.7273
90	25.8096
91	26.4316
92	26.4316
93	27.0304
94	27.1029
95	27.284
96	27.2986
97	27.6991
98	27.6991
99	28.2435
