0	17.2791
1	17.2791
2	17.2791
3	17.2791
4	17.2791
5	17.2791
6	17.2791
7	17.2791
8	17.2791
9	17.2791
10	17.2791
11	17.2791
12	17.2791
13	17.2791
14	17.2791
15	17.2791
16	17.2791
17	17.2791
18	17.2791
19	17.2791
20	17.2791
21	17.2791
22	17.2791
23	17.2791
24	17.2791
25	17.2791
26	17.2791
27	17.2791
28	17.2791
29	17.2791
30	17.2791
31	17.2791
32	17.2791
33	17.2791
34	17.2791
35	17.2791
36	17.2791
37	17.2791
38	17.2791
39	17.2791
40	17.2791
41	17.2791
42	17.2791
43	17.2791
44	17.2791
45	17.2791
46	17.2791
47	17.2791
48	17.2791
49	17.2791
50	17.2791
51	17.2791
52	17.2791
53	17.2791
54	17.2791
55	17.2791
56	17.2791
57	17.2791
58	17.2791
59	17.2791
60	17.2791
61	17.2791
62	17.2791
63	17.2791
64	17.2791
65	17.2791
66	17.2791
67	17.2791
68	17.2791
69	17.2791
70	17.2791
71	17.2791
72	17.2791
73	17.2791
74	17.2791
75	17.2791
76	17.2791
77	17.2791
78	17.2791
79	17.2791
80	17.2791
81	17.2791
82	17.2791
83	17.2791
84	17.2791
85	17.2791
86	17.2791
87	17.2791
88	17.2791
89	17.2791
90	17.2791
91	17.2791
92	17.2791
93	17.2791
94	17.2791
95	17.2791
96	17.2791
97	17.2791
98	17.2791
99	17.2791
100	17.2791
101	17.2791
102	17.2791
103	17.2791
104	17.2791
105	17.2791
106	17.2791
107	17.2791
108	17.2791
109	17.2791
110	17.2791
111	17.2791
112	17.2791
113	17.2791
114	17.2791
115	17.2791
116	17.2791
117	17.2791
118	17.2791
119	17.2791
120	17.2791
121	17.2791
122	17.2791
123	17.2791
124	17.2791
125	17.2791
126	17.2791
127	17.2791
128	17.2791
129	17.2791
130	17.2791
131	17.2791
132	17.2791
133	17.2791
134	17.2791
135	17.2791
136	17.2791
137	17.2791
138	17.5818
139	17.5818
140	17.5818
141	17.5818
142	17.5818
143	17.5818
144	17.5818
145	17.5818
146	17.5818
147	17.5818
148	17.5818
149	17.5818
150	17.5818
151	17.5818
152	17.5818
153	17.5818
154	17.5818
155	17.5818
156	17.5818
157	17.5818
158	17.5818
159	17.5818
160	17.5818
161	17.5818
162	17.5818
163	17.5818
164	17.5818
165	17.5818
166	17.5818
167	17.5818
168	17.5818
169	17.5818
170	17.5818
171	17.5818
172	17.5818
173	17.5818
174	17.5818
175	17.5818
176	17.5818
177	17.5818
178	17.9448
179	17.9448
180	17.9448
181	17.9448
182	19.1665
183	19.8336
184	19.8336
185	19.8336
186	20.7085
187	20.7085
188	20.8179
189	21.0626
190	21.0626
191	21.0626
192	21.6224
193	22.2233
194	22.2233
195	22.934
196	23.0595
197	23.2146
198	23.3079
199	26.437
