0	13.547
1	13.547
2	13.547
3	13.547
4	13.547
5	13.547
6	13.547
7	13.547
8	13.547
9	13.547
10	13.547
11	13.547
12	13.547
13	13.547
14	13.547
15	13.547
16	13.547
17	13.547
18	13.547
19	13.547
20	13.547
21	13.547
22	13.547
23	13.547
24	13.547
25	13.547
26	13.547
27	14.1525
28	14.1525
29	14.1525
30	14.1525
31	14.1525
32	14.1525
33	14.1525
34	14.1525
35	14.1525
36	14.1525
37	14.1525
38	14.1525
39	14.3418
40	14.3418
41	14.3418
42	14.3418
43	14.3418
44	14.9504
45	14.9504
46	14.9504
47	14.9504
48	15.0647
49	15.2525
50	15.2525
51	15.2525
52	15.2525
53	15.3124
54	15.3124
55	15.3124
56	15.3124
57	15.3124
58	15.3635
59	15.3635
60	15.3635
61	15.3635
62	15.3635
63	15.3635
64	15.3639
65	16.0338
66	16.0338
67	16.0338
68	16.0338
69	16.2229
70	16.2232
71	16.2232
72	16.3295
73	16.3958
74	16.6425
75	16.6929
76	16.7002
77	16.7221
78	16.7299
79	16.7918
80	16.882
81	16.9336
82	17.056
83	17.1077
84	17.474
85	17.474
86	17.474
87	17.7086
88	17.8616
89	17.9244
90	17.9454
91	18.0013
92	18.2607
93	18.2607
94	18.2686
95	18.7075
96	18.7135
97	18.9675
98	20.626
99	20.9118
