0	9.84534
1	9.84534
2	9.84534
3	9.84534
4	9.84534
5	9.84534
6	9.84534
7	9.84534
8	9.84534
9	9.84534
10	9.84534
11	9.84534
12	9.84534
13	9.84534
14	9.84534
15	9.84534
16	9.84534
17	9.84534
18	9.84534
19	9.84534
20	9.84534
21	9.84534
22	9.84534
23	9.84534
24	9.84534
25	9.84534
26	9.84534
27	9.84534
28	9.84534
29	9.84534
30	9.84534
31	9.84534
32	9.84534
33	9.93066
34	9.93066
35	9.93066
36	9.93066
37	9.93066
38	9.93066
39	9.93066
40	9.93066
41	9.93066
42	9.93066
43	9.93066
44	9.93066
45	10.0661
46	10.0661
47	10.117
48	10.375
49	10.375
50	10.375
51	10.375
52	10.3853
53	10.608
54	10.6387
55	10.8732
56	10.8732
57	10.8732
58	10.8732
59	11.3176
60	11.5227
61	11.8239
62	11.8279
63	12.0159
64	12.0159
65	12.096
66	12.6085
67	12.6085
68	12.6517
69	12.6745
70	12.737
71	12.737
72	12.7478
73	12.9008
74	12.9008
75	12.9008
76	12.9008
77	12.9008
78	13.5347
79	13.5676
80	13.5676
81	13.5676
82	13.6165
83	13.7059
84	13.7059
85	13.7059
86	13.7912
87	13.7912
88	13.7912
89	13.7912
90	13.7912
91	13.7912
92	13.7912
93	14.0675
94	14.3218
95	14.4011
96	14.4071
97	14.4071
98	15.8932
99	15.8932
