0	15.6886
1	15.6886
2	15.6886
3	15.6886
4	15.6886
5	15.6886
6	15.6886
7	15.6886
8	15.6886
9	15.6886
10	15.6886
11	15.6886
12	15.6886
13	15.6886
14	15.6886
15	15.6886
16	15.6886
17	15.6886
18	15.6886
19	15.7102
20	15.7102
21	15.8066
22	16.1788
23	16.1788
24	16.1788
25	16.1788
26	16.1788
27	16.1788
28	16.1788
29	16.1788
30	16.1788
31	16.1788
32	16.1788
33	16.1788
34	16.1788
35	16.1878
36	16.3374
37	16.3374
38	16.3374
39	16.3374
40	16.3374
41	16.3374
42	16.3374
43	16.375
44	16.5781
45	16.5878
46	16.5912
47	16.5912
48	16.5912
49	16.5912
50	16.5912
51	16.5912
52	16.5912
53	16.5912
54	16.5912
55	16.7498
56	16.9874
57	16.9874
58	17.0458
59	17.3807
60	17.3849
61	17.4583
62	17.4583
63	17.4583
64	17.4583
65	17.4986
66	17.5738
67	17.5738
68	17.6918
69	17.8708
70	17.8708
71	17.8708
72	17.8708
73	17.8708
74	17.8708
75	17.8708
76	18.0033
77	18.0294
78	18.0294
79	18.064
80	18.0686
81	18.265
82	18.28
83	18.405
84	18.473
85	18.473
86	18.5208
87	18.5355
88	18.5467
89	18.7421
90	18.8009
91	18.8946
92	19.1505
93	19.1856
94	19.1955
95	19.2457
96	19.4174
97	19.6177
98	19.8385
99	20.1611
