0	13.4015
1	13.4015
2	13.4015
3	13.4015
4	13.4015
5	13.4015
6	13.4015
7	13.4015
8	13.4015
9	13.4015
10	13.4015
11	13.4015
12	13.547
13	13.547
14	13.547
15	13.547
16	13.547
17	13.547
18	13.547
19	13.547
20	13.547
21	13.547
22	13.547
23	13.547
24	13.547
25	13.547
26	13.547
27	13.547
28	13.547
29	13.547
30	13.547
31	13.547
32	13.547
33	13.547
34	13.547
35	13.547
36	13.547
37	13.547
38	13.547
39	13.547
40	13.547
41	13.547
42	13.547
43	13.547
44	13.547
45	13.547
46	13.547
47	13.547
48	13.547
49	14.1525
50	14.1525
51	14.1525
52	14.1525
53	14.1525
54	14.1525
55	14.3418
56	14.3418
57	14.3418
58	14.3418
59	14.4031
60	14.6238
61	14.7235
62	14.7235
63	14.9504
64	15.0172
65	15.0172
66	15.2525
67	15.2525
68	15.3124
69	15.3124
70	15.3124
71	15.3635
72	16.0338
73	16.0338
74	16.0338
75	16.2232
76	16.3295
77	16.6425
78	16.7002
79	16.8686
80	16.8686
81	16.8686
82	16.8686
83	16.8686
84	17.056
85	17.0951
86	17.1338
87	17.15
88	17.474
89	17.474
90	17.9244
91	17.9244
92	18.1884
93	18.6242
94	18.6327
95	18.6846
96	18.9675
97	19.2397
98	19.5187
99	19.9775
