0	10.6771
1	10.6771
2	10.6771
3	10.6771
4	10.6771
5	10.6771
6	10.6771
7	10.6771
8	10.6771
9	10.6771
10	10.6771
11	10.6771
12	10.6771
13	10.6771
14	10.6771
15	10.6771
16	10.6771
17	10.6771
18	10.6771
19	10.6771
20	10.6771
21	10.6771
22	10.6771
23	10.6771
24	10.6771
25	10.6771
26	10.6771
27	10.6771
28	10.6771
29	10.6771
30	10.6771
31	10.6771
32	10.6771
33	10.6771
34	10.6771
35	10.6771
36	10.6771
37	10.6771
38	10.6771
39	10.722
40	11.2627
41	11.2627
42	11.2627
43	11.2627
44	11.2627
45	11.2627
46	11.2627
47	11.2627
48	11.2627
49	11.6047
50	11.6197
51	11.6197
52	11.6197
53	11.6197
54	11.6197
55	12.0302
56	12.2053
57	12.2053
58	12.2053
59	12.6597
60	12.6597
61	12.6597
62	13.3407
63	13.3407
64	13.385
65	13.4835
66	13.6744
67	13.6861
68	13.6861
69	13.8829
70	13.8829
71	14.1797
72	14.1797
73	14.3437
74	14.3437
75	14.3655
76	14.417
77	14.6556
78	14.7588
79	14.9293
80	14.9293
81	14.9293
82	15.2776
83	15.7636
84	15.9408
85	16.2519
86	16.2673
87	16.316
88	16.447
89	16.6519
90	16.8038
91	16.8761
92	17.0105
93	17.427
94	17.6446
95	17.7605
96	18.2429
97	18.2968
98	18.8135
99	19.4481
