0	12.4886
1	12.4886
2	12.4886
3	12.4886
4	12.4886
5	12.4886
6	12.4886
7	12.4886
8	12.4886
9	12.4886
10	12.4886
11	12.4886
12	12.4886
13	12.4886
14	12.4886
15	12.4886
16	12.4886
17	12.4886
18	12.4886
19	12.4886
20	12.4886
21	12.4886
22	12.4886
23	12.4886
24	12.4886
25	12.4886
26	12.4886
27	12.4886
28	12.4886
29	12.4886
30	12.4886
31	13.094
32	13.3944
33	13.3944
34	13.3944
35	13.3944
36	13.3944
37	13.3944
38	13.3944
39	13.3944
40	13.3944
41	13.4015
42	13.4015
43	13.4015
44	13.4015
45	13.4015
46	13.4015
47	13.5708
48	13.6651
49	13.9588
50	13.9588
51	13.9588
52	13.9588
53	13.9998
54	14.0883
55	14.1168
56	14.1525
57	14.1525
58	14.1896
59	14.1951
60	14.2427
61	14.3051
62	14.8646
63	15.7065
64	15.8102
65	15.8102
66	15.8102
67	15.8102
68	15.8102
69	15.8102
70	15.8102
71	15.8102
72	16.0041
73	16.0594
74	16.0594
75	16.4575
76	16.5074
77	16.661
78	16.6864
79	17.13
80	17.3214
81	17.3214
82	17.3214
83	17.66
84	18.1173
85	18.1173
86	18.2111
87	18.2989
88	18.3001
89	18.3595
90	18.4964
91	18.7297
92	18.7941
93	18.8237
94	18.9245
95	18.9685
96	18.9841
97	19.1152
98	19.1515
99	19.6695
