0	16.3374
1	16.3374
2	16.3374
3	16.3374
4	16.3374
5	16.3374
6	16.3374
7	16.3374
8	16.3374
9	16.3374
10	16.3374
11	16.3374
12	16.3374
13	16.3374
14	16.3374
15	16.3374
16	16.3374
17	16.3374
18	16.3374
19	16.3374
20	16.3374
21	16.3374
22	16.3374
23	16.3374
24	16.3374
25	16.6742
26	16.6742
27	16.7498
28	17.0381
29	17.0381
30	17.0458
31	17.0458
32	17.0458
33	17.0458
34	17.0458
35	17.0458
36	17.0458
37	17.0458
38	17.0458
39	17.0458
40	17.0458
41	17.0458
42	17.0458
43	17.0458
44	17.0458
45	17.0458
46	17.0458
47	17.0458
48	17.0458
49	17.0458
50	17.0458
51	17.0458
52	17.3154
53	17.4583
54	17.4583
55	17.4583
56	17.4583
57	18.0134
58	18.1053
59	18.2036
60	18.2036
61	18.2676
62	18.7379
63	18.7379
64	18.7421
65	18.8495
66	18.8703
67	18.8703
68	18.8703
69	18.931
70	18.931
71	19.2673
72	19.2713
73	19.2713
74	19.4258
75	19.4258
76	19.4419
77	19.5885
78	19.6953
79	19.8382
80	19.9039
81	19.9039
82	19.9039
83	20.0073
84	20.0893
85	20.3146
86	20.3146
87	20.4249
88	20.5196
89	20.5624
90	20.5692
91	21.0289
92	21.1623
93	21.2104
94	21.4907
95	22.1167
96	22.2959
97	22.3822
98	22.3822
99	22.4826
