0	20.3146
1	20.3146
2	20.3146
3	20.3146
4	20.3146
5	20.3146
6	20.3146
7	20.3146
8	20.3146
9	20.3146
10	20.3146
11	20.3146
12	20.3146
13	20.3146
14	20.3146
15	20.3146
16	20.3146
17	20.3146
18	20.3146
19	20.3146
20	20.3146
21	20.3146
22	20.3146
23	20.3146
24	20.3146
25	20.3146
26	20.3146
27	20.3146
28	20.3146
29	20.3146
30	20.3146
31	20.3146
32	20.3146
33	20.3146
34	20.3146
35	20.3146
36	20.3146
37	20.3146
38	20.3146
39	20.3146
40	20.3146
41	20.3146
42	20.3146
43	20.3146
44	20.3146
45	20.3146
46	20.3146
47	20.3146
48	20.3146
49	20.3146
50	20.4756
51	20.5613
52	20.5613
53	20.727
54	20.727
55	20.727
56	20.727
57	21.0938
58	21.0938
59	21.0938
60	21.0938
61	21.0938
62	21.2191
63	22.0066
64	22.0066
65	22.0066
66	22.0066
67	22.0066
68	22.0066
69	22.0066
70	22.0066
71	22.1183
72	22.2622
73	22.3096
74	22.521
75	22.6326
76	22.6326
77	22.6326
78	22.6946
79	22.6946
80	22.7858
81	22.8002
82	22.8002
83	22.892
84	22.9562
85	22.9929
86	23.045
87	23.0854
88	23.1442
89	23.1727
90	23.1727
91	23.2761
92	23.3581
93	23.438
94	23.5572
95	23.8631
96	24.5801
97	24.8356
98	25.0759
99	25.5624
