0	14.5051
1	14.5051
2	14.5051
3	14.5051
4	14.5051
5	14.5051
6	14.5051
7	14.5051
8	14.5051
9	14.5051
10	14.5051
11	14.5051
12	14.5051
13	14.5051
14	14.5051
15	14.5051
16	14.5051
17	14.5051
18	14.5051
19	14.5051
20	14.5051
21	14.5051
22	14.5051
23	14.5051
24	14.5051
25	14.5051
26	14.5051
27	14.5051
28	14.5051
29	14.5051
30	14.5051
31	14.5051
32	14.5051
33	14.5051
34	14.5051
35	14.5051
36	14.5051
37	14.5051
38	14.5051
39	14.5051
40	14.5051
41	14.5051
42	14.5051
43	14.5051
44	14.5051
45	14.5051
46	14.5051
47	14.5051
48	14.5051
49	14.5051
50	14.5051
51	14.5051
52	14.5051
53	14.5051
54	14.5051
55	14.5051
56	14.5051
57	14.5051
58	14.5051
59	14.5051
60	14.5051
61	14.5051
62	14.5051
63	14.5051
64	14.5051
65	14.5051
66	14.5051
67	14.5051
68	14.5051
69	14.5051
70	14.5051
71	14.5051
72	14.5051
73	14.5051
74	14.5051
75	14.5051
76	14.5051
77	14.5051
78	14.5051
79	14.5051
80	14.5051
81	14.5051
82	14.5051
83	14.5051
84	14.5051
85	14.5051
86	14.5051
87	14.5051
88	14.5051
89	14.5051
90	14.5051
91	14.5051
92	14.5051
93	14.5051
94	14.5051
95	14.5051
96	14.5051
97	14.5051
98	14.5051
99	14.5051
100	14.5051
101	14.5051
102	14.5051
103	14.5051
104	14.5051
105	14.5051
106	14.5051
107	14.5051
108	14.5051
109	14.5051
110	14.5051
111	14.5051
112	14.5051
113	14.5051
114	14.5051
115	14.5051
116	14.5051
117	14.5051
118	14.5051
119	14.5051
120	14.5051
121	14.5051
122	14.5051
123	14.5051
124	14.5051
125	14.5051
126	14.5051
127	14.5051
128	14.5051
129	14.5051
130	14.5383
131	14.5383
132	14.5383
133	14.5383
134	14.5383
135	14.5383
136	14.5383
137	14.5383
138	14.5383
139	14.5383
140	14.5383
141	14.5383
142	14.5383
143	14.5383
144	14.5383
145	14.5383
146	14.5383
147	14.5383
148	14.5383
149	14.5383
150	14.5383
151	14.5383
152	14.5383
153	14.5383
154	14.5383
155	14.5388
156	14.5388
157	14.5388
158	14.5388
159	14.6411
160	14.6411
161	14.6411
162	14.6411
163	15.1335
164	16.9892
165	16.9892
166	16.9892
167	16.9892
168	16.9892
169	16.9892
170	16.9892
171	17.1373
172	17.1373
173	17.1373
174	17.1373
175	17.1373
176	17.243
177	17.243
178	17.6514
179	17.7669
180	17.7669
181	17.7675
182	17.8426
183	17.9217
184	17.9217
185	17.9217
186	18.1021
187	18.8869
188	19.6185
189	20.8488
190	20.8488
191	20.8649
192	21.0368
193	21.4396
194	21.4396
195	21.4396
196	21.4396
197	22.0773
198	22.5996
199	24.2596
