0	15.6886
1	15.6886
2	15.6886
3	15.6886
4	15.6886
5	15.6886
6	15.6886
7	15.6886
8	15.6886
9	15.6886
10	15.6886
11	15.6886
12	15.6886
13	15.6886
14	15.6886
15	15.6886
16	15.6886
17	15.6886
18	15.6886
19	15.6886
20	15.6886
21	15.6886
22	15.6886
23	15.6886
24	15.6886
25	15.6886
26	15.6886
27	15.6886
28	15.6886
29	15.6886
30	15.6886
31	15.6886
32	15.6886
33	15.6886
34	15.6886
35	15.6886
36	15.6886
37	16.1011
38	16.1011
39	16.1011
40	16.1014
41	16.1014
42	16.1762
43	16.1788
44	16.1788
45	16.3374
46	16.5912
47	16.5912
48	16.5912
49	16.5912
50	16.7498
51	16.8055
52	16.9656
53	16.9656
54	16.9874
55	17.087
56	17.2334
57	17.3807
58	17.3807
59	17.3807
60	17.3807
61	17.3807
62	17.3807
63	17.3849
64	17.4383
65	17.5528
66	17.5738
67	17.6918
68	17.6918
69	17.6918
70	17.7748
71	17.8708
72	17.8708
73	18.0294
74	18.0686
75	18.0686
76	18.0686
77	18.0686
78	18.1264
79	18.5467
80	18.5467
81	18.5467
82	18.5588
83	18.5588
84	18.7321
85	18.7654
86	18.8172
87	18.8172
88	18.8382
89	18.9712
90	19.1403
91	19.1974
92	19.2461
93	19.3808
94	19.381
95	19.7624
96	19.7624
97	20.18
98	20.3886
99	21.3187
