0	9.54741
1	9.54741
2	9.54741
3	9.54741
4	9.54741
5	9.54741
6	9.54741
7	9.54741
8	9.54741
9	9.54741
10	9.54741
11	9.54741
12	9.54741
13	9.54741
14	9.54741
15	9.54741
16	9.54741
17	9.54741
18	9.54741
19	9.54741
20	9.54741
21	9.54741
22	9.54741
23	9.54741
24	9.54741
25	9.54741
26	9.54741
27	9.54741
28	9.54741
29	9.54741
30	9.54741
31	9.54741
32	9.54741
33	9.54741
34	9.54741
35	9.54741
36	9.54741
37	9.54741
38	9.54741
39	9.54741
40	9.54741
41	9.54741
42	9.54741
43	9.54741
44	9.54741
45	9.54741
46	9.54741
47	9.54741
48	9.54741
49	9.54741
50	9.54741
51	9.54741
52	9.54741
53	9.54741
54	9.70353
55	9.70353
56	9.70353
57	9.70353
58	9.70353
59	9.70353
60	9.83596
61	11.0516
62	11.1747
63	11.2836
64	12.1857
65	12.4162
66	12.4162
67	12.5402
68	12.6281
69	12.6281
70	12.6281
71	12.6377
72	12.74
73	12.7736
74	12.7772
75	12.8569
76	12.8569
77	12.8569
78	12.8569
79	12.8569
80	12.8587
81	12.8587
82	12.8823
83	12.9645
84	13.2474
85	13.4079
86	13.4079
87	13.4079
88	13.4079
89	13.4079
90	13.4121
91	13.4601
92	13.4601
93	13.7725
94	13.9873
95	14.3816
96	14.4068
97	14.736
98	15.4832
99	15.8274
