0	9.54283
1	9.54283
2	9.54283
3	9.54283
4	9.54283
5	9.54283
6	9.54741
7	9.54741
8	9.54741
9	9.54741
10	9.54741
11	9.54741
12	9.54741
13	9.54741
14	9.54741
15	9.54741
16	9.54741
17	9.54741
18	9.54741
19	9.54741
20	9.54741
21	9.54741
22	9.54741
23	9.54741
24	9.54741
25	9.54741
26	9.54741
27	9.54741
28	9.54741
29	9.54741
30	9.54741
31	9.54741
32	9.54741
33	9.54741
34	9.54741
35	9.54741
36	9.54741
37	9.54741
38	9.54741
39	9.54741
40	9.54741
41	9.54741
42	9.54741
43	9.54741
44	9.54741
45	9.54741
46	9.54741
47	9.54741
48	9.54741
49	9.54741
50	9.54741
51	9.54741
52	9.54741
53	9.70353
54	9.70353
55	9.70353
56	11.0516
57	11.1747
58	11.1747
59	11.2836
60	12.0897
61	12.1857
62	12.2078
63	12.4162
64	12.4162
65	12.5171
66	12.6281
67	12.6281
68	12.6377
69	12.7225
70	12.7772
71	12.7772
72	12.7772
73	12.8518
74	12.8569
75	12.8569
76	12.8569
77	12.8569
78	12.8569
79	12.8569
80	12.8587
81	12.9345
82	13.2474
83	13.4079
84	13.4079
85	13.4079
86	13.4079
87	13.4121
88	13.9873
89	14.0954
90	14.0954
91	14.103
92	14.4068
93	15.4832
94	15.6538
95	15.9434
96	16.2767
97	16.2767
98	16.4886
99	16.5715
