0	9.93066
1	9.93066
2	9.93066
3	9.93066
4	9.93066
5	9.93066
6	10.375
7	10.375
8	10.375
9	10.375
10	10.375
11	10.375
12	10.375
13	10.375
14	10.375
15	10.375
16	10.375
17	10.375
18	10.375
19	10.375
20	10.375
21	10.375
22	10.375
23	10.375
24	10.375
25	10.375
26	10.375
27	10.375
28	10.375
29	10.375
30	10.375
31	10.375
32	10.375
33	10.375
34	10.375
35	10.375
36	10.375
37	10.375
38	10.375
39	10.375
40	10.375
41	10.375
42	10.375
43	10.375
44	10.5832
45	10.5832
46	10.631
47	10.631
48	10.6771
49	11.2093
50	11.3176
51	11.3176
52	11.3176
53	11.3176
54	11.3176
55	11.3883
56	11.6184
57	11.7961
58	12.0664
59	12.2683
60	12.3576
61	12.3576
62	12.5664
63	12.5939
64	12.7744
65	12.7744
66	12.7867
67	13.028
68	13.028
69	13.1763
70	13.1814
71	13.1814
72	13.1814
73	13.1814
74	13.4527
75	13.772
76	13.7723
77	14.0416
78	14.0416
79	14.0416
80	14.0416
81	14.0416
82	14.267
83	14.3002
84	14.8113
85	14.9755
86	15.091
87	15.3578
88	15.3578
89	15.3738
90	15.5318
91	16.2776
92	16.4533
93	16.8728
94	16.8728
95	17.8852
96	17.8947
97	17.9258
98	18.2388
99	18.6686
