0	26.6512
1	26.6512
2	26.6512
3	26.6512
4	26.6512
5	26.6512
6	26.6512
7	26.6512
8	26.6512
9	26.6512
10	26.6512
11	26.6512
12	26.6512
13	26.6512
14	26.6512
15	26.6512
16	26.6512
17	26.6512
18	26.6512
19	26.6512
20	26.6512
21	26.6512
22	26.6512
23	26.6512
24	26.6512
25	26.6512
26	26.6512
27	26.6512
28	26.6512
29	26.6512
30	26.6512
31	26.6512
32	26.6512
33	26.6512
34	26.6512
35	26.6512
36	26.6512
37	26.6512
38	26.6512
39	26.6512
40	26.6512
41	26.6512
42	26.6512
43	26.6512
44	26.6512
45	26.6512
46	26.6512
47	26.6512
48	26.6512
49	26.6512
50	26.6512
51	26.6512
52	26.6512
53	26.6512
54	26.6512
55	26.6512
56	26.6512
57	26.6512
58	26.6512
59	26.6512
60	26.6512
61	26.6512
62	26.6512
63	26.6512
64	26.6512
65	26.6512
66	26.6512
67	26.6512
68	26.6512
69	26.6512
70	26.6512
71	26.6512
72	26.6512
73	26.6512
74	26.6512
75	26.6512
76	26.6512
77	26.6512
78	26.6512
79	26.6512
80	26.6512
81	26.6512
82	26.6512
83	26.6512
84	26.6512
85	26.6512
86	26.6512
87	26.6512
88	26.6512
89	26.6512
90	26.6512
91	26.6512
92	26.6512
93	26.6512
94	26.6512
95	26.6512
96	26.6512
97	26.6512
98	26.6512
99	26.6512
100	26.6512
101	26.6512
102	26.6512
103	26.6512
104	26.6512
105	26.6512
106	26.6512
107	26.6512
108	26.6512
109	26.6512
110	26.6512
111	26.6512
112	26.6512
113	26.6512
114	26.6512
115	26.6512
116	26.6512
117	26.6512
118	26.6512
119	26.6512
120	26.6512
121	26.6512
122	26.6512
123	26.6512
124	26.6512
125	26.6512
126	26.6512
127	26.6512
128	26.6512
129	26.6512
130	26.6512
131	26.6512
132	26.6512
133	26.6512
134	26.6512
135	26.6512
136	26.6512
137	26.6512
138	26.6512
139	26.6512
140	26.6512
141	26.6512
142	26.6512
143	26.6512
144	26.6512
145	26.6512
146	26.6512
147	26.6512
148	26.6512
149	26.6512
150	26.6512
151	26.6512
152	26.6512
153	26.6512
154	26.6512
155	26.6512
156	26.6512
157	26.6512
158	26.6512
159	26.6512
160	26.6512
161	26.6512
162	26.6512
163	27.2708
164	27.2708
165	27.2708
166	27.2708
167	28.4847
168	28.4847
169	28.4847
170	28.4847
171	28.4847
172	28.4847
173	28.5501
174	28.5501
175	28.7305
176	28.7305
177	28.7305
178	28.7305
179	28.7305
180	29.4347
181	29.5062
182	29.5093
183	29.8104
184	30.2222
185	30.2222
186	30.2222
187	30.3458
188	30.3458
189	30.3458
190	30.6941
191	30.6941
192	30.6941
193	30.6941
194	31.2172
195	33.8095
196	33.8949
197	35.2322
198	35.2322
199	38.071
