0	17.6009
1	17.6009
2	17.6009
3	17.6009
4	17.6009
5	17.6009
6	17.6009
7	17.6009
8	17.6009
9	17.6009
10	17.6009
11	17.6009
12	17.6009
13	17.6009
14	17.6009
15	17.6009
16	19.1899
17	19.1899
18	19.1899
19	19.1899
20	19.1899
21	19.1899
22	19.1899
23	19.2713
24	19.2713
25	19.2713
26	19.2713
27	19.2713
28	19.2713
29	19.2713
30	19.2713
31	19.2713
32	19.2713
33	19.2713
34	19.2713
35	19.6837
36	19.6837
37	19.6837
38	19.6837
39	19.6837
40	19.6837
41	19.8543
42	19.8543
43	20.1768
44	20.2218
45	20.3146
46	20.3146
47	20.3146
48	20.3146
49	20.3146
50	20.3146
51	20.3146
52	20.3146
53	20.3146
54	20.3146
55	20.3146
56	20.727
57	20.727
58	20.727
59	20.727
60	20.727
61	20.727
62	21.0751
63	21.6126
64	21.7176
65	21.7247
66	21.7486
67	21.7486
68	21.9053
69	21.9329
70	21.9494
71	22.0066
72	22.0066
73	22.0066
74	22.0066
75	22.0066
76	22.0066
77	22.073
78	22.1998
79	22.2583
80	22.2622
81	22.521
82	22.567
83	22.6946
84	23.0058
85	23.0872
86	23.1903
87	23.2394
88	23.3016
89	23.3016
90	23.3862
91	23.4267
92	23.6241
93	24.6802
94	24.8943
95	24.9013
96	25.0096
97	25.0204
98	25.0759
99	26.3441
