0	9.54283
1	9.54283
2	9.54283
3	9.54283
4	9.54283
5	9.54283
6	9.54283
7	9.54283
8	9.54283
9	9.54283
10	9.54283
11	9.54283
12	9.54741
13	9.54741
14	9.54741
15	9.54741
16	9.54741
17	9.54741
18	9.54741
19	9.54741
20	9.54741
21	9.54741
22	9.54741
23	9.54741
24	9.54741
25	9.54741
26	9.54741
27	9.54741
28	9.54741
29	9.54741
30	9.54741
31	9.54741
32	9.54741
33	9.54741
34	9.54741
35	9.54741
36	9.54741
37	9.54741
38	9.54741
39	9.54741
40	9.54741
41	9.54741
42	9.54741
43	9.54741
44	9.54741
45	9.54741
46	9.54741
47	9.54741
48	9.54741
49	9.59735
50	9.59735
51	9.69894
52	9.70353
53	9.70353
54	9.70353
55	9.70353
56	9.70353
57	11.0516
58	11.1747
59	11.1747
60	11.1747
61	11.1877
62	11.2836
63	11.3673
64	12.0897
65	12.1857
66	12.4162
67	12.4162
68	12.5171
69	12.6281
70	12.7223
71	12.7225
72	12.7262
73	12.7428
74	12.7772
75	12.7772
76	12.7772
77	12.8569
78	12.8569
79	12.8569
80	12.8569
81	12.9345
82	13.0011
83	13.0011
84	13.2002
85	13.4079
86	13.4079
87	13.4079
88	13.4079
89	13.4079
90	13.4079
91	13.4414
92	13.9873
93	14.0954
94	14.103
95	14.1182
96	14.5415
97	15.6538
98	16.2767
99	16.5411
