0	11.853
1	11.853
2	11.853
3	11.853
4	11.853
5	11.853
6	11.853
7	11.853
8	11.853
9	11.853
10	11.853
11	11.853
12	11.853
13	11.853
14	11.853
15	11.853
16	11.853
17	11.853
18	11.853
19	11.853
20	11.853
21	11.853
22	11.853
23	11.853
24	11.853
25	11.853
26	11.853
27	11.853
28	11.853
29	11.853
30	11.853
31	11.853
32	11.853
33	11.853
34	11.853
35	11.853
36	11.853
37	11.853
38	11.853
39	11.853
40	11.853
41	12.4886
42	12.4886
43	12.4886
44	12.4886
45	12.4886
46	12.4886
47	12.4886
48	12.4886
49	12.4886
50	12.4886
51	12.7956
52	12.7956
53	12.7956
54	12.7956
55	12.7956
56	12.7956
57	12.7956
58	12.7956
59	12.7956
60	12.7956
61	12.836
62	13.3594
63	13.5694
64	13.5694
65	13.5694
66	13.5694
67	13.5694
68	13.5694
69	13.85
70	13.885
71	13.93
72	13.9588
73	13.9588
74	13.9588
75	13.9588
76	13.9588
77	13.9588
78	13.9588
79	13.9588
80	14.2499
81	14.2499
82	14.4525
83	14.5645
84	14.7044
85	14.7926
86	14.9318
87	15.1746
88	15.1746
89	15.1746
90	15.1746
91	15.1746
92	15.2311
93	15.3719
94	15.8102
95	15.8102
96	17.13
97	18.7157
98	18.7694
99	20.0135
