0	10.6771
1	10.6771
2	10.6771
3	10.6771
4	10.6771
5	10.6771
6	10.6771
7	10.6771
8	10.6771
9	10.6771
10	10.6771
11	10.6771
12	10.6771
13	10.6771
14	10.6771
15	10.6771
16	10.6771
17	10.6771
18	10.6771
19	10.6771
20	10.6771
21	10.6771
22	10.6771
23	10.6771
24	10.6771
25	10.6771
26	10.6771
27	10.6771
28	10.6771
29	10.6771
30	10.6771
31	10.6771
32	10.6771
33	10.722
34	10.722
35	11.2543
36	11.2627
37	11.2627
38	11.2627
39	11.2627
40	11.2627
41	11.2627
42	11.2627
43	11.2627
44	11.2627
45	11.2627
46	11.2627
47	11.2627
48	11.2627
49	11.2627
50	11.2627
51	11.2627
52	11.2627
53	11.6197
54	11.6197
55	11.6197
56	11.6197
57	12.0302
58	12.2053
59	12.2053
60	12.2053
61	12.2053
62	12.2053
63	12.2053
64	12.5595
65	12.6597
66	13.2947
67	13.3407
68	13.3407
69	13.4835
70	13.5672
71	13.6744
72	13.7215
73	14.1519
74	14.3437
75	14.3561
76	14.3655
77	14.417
78	14.4288
79	14.5028
80	14.8812
81	14.9293
82	14.9293
83	15.1535
84	15.2092
85	15.2092
86	15.2776
87	15.7392
88	15.9408
89	15.9408
90	16.0163
91	16.2519
92	16.2519
93	16.6519
94	16.8038
95	16.8761
96	17.0105
97	17.0689
98	17.427
99	17.6672
