0	9.90534
1	9.90534
2	9.90534
3	9.90534
4	9.90534
5	9.90534
6	9.90534
7	9.90534
8	9.90534
9	9.90534
10	9.90534
11	9.90534
12	9.90534
13	9.90534
14	9.90534
15	9.90534
16	9.90534
17	9.90534
18	9.90534
19	9.90534
20	9.90534
21	9.90534
22	9.90534
23	9.90534
24	9.90534
25	9.90534
26	9.90534
27	9.90534
28	9.90534
29	9.90534
30	9.90534
31	9.90534
32	9.90534
33	9.90534
34	9.90534
35	9.90534
36	9.90534
37	9.90534
38	9.90534
39	9.90534
40	9.90534
41	9.90534
42	9.90534
43	9.90534
44	9.90534
45	9.90534
46	9.90534
47	9.90534
48	9.90534
49	9.90534
50	9.90534
51	9.90534
52	9.90534
53	9.90534
54	9.90534
55	9.90534
56	9.90534
57	9.90534
58	9.90534
59	9.90534
60	9.90534
61	9.90534
62	9.90534
63	9.90534
64	9.90534
65	9.90534
66	9.90534
67	9.90534
68	9.90534
69	9.90534
70	9.90534
71	9.90534
72	9.90534
73	9.90534
74	9.90534
75	9.90534
76	9.90534
77	9.90534
78	9.90534
79	9.90534
80	9.90534
81	9.90534
82	9.90534
83	9.90534
84	9.90534
85	9.90534
86	9.90534
87	9.90534
88	9.90534
89	9.90534
90	9.90534
91	9.90534
92	9.90534
93	9.90534
94	9.90534
95	9.90534
96	9.90534
97	9.90534
98	9.90534
99	9.90534
100	9.90534
101	9.90534
102	9.90534
103	9.90534
104	9.90534
105	9.90534
106	9.90534
107	9.90534
108	9.90534
109	9.90534
110	9.90534
111	9.90534
112	9.90534
113	9.90534
114	9.90534
115	9.90534
116	9.90534
117	9.90534
118	9.90534
119	9.90534
120	9.90534
121	9.90534
122	9.90534
123	9.90534
124	9.90534
125	9.90534
126	9.90534
127	9.90534
128	9.90534
129	9.90534
130	9.90534
131	9.90534
132	9.90534
133	9.90534
134	9.90534
135	9.90534
136	9.90534
137	9.90534
138	9.90534
139	9.90534
140	9.90534
141	9.90534
142	9.90534
143	9.90534
144	9.90534
145	9.90534
146	9.90534
147	9.90534
148	9.90534
149	10.0604
150	10.0604
151	10.0604
152	10.0604
153	10.0604
154	10.0604
155	10.0604
156	10.0604
157	10.0604
158	10.0604
159	10.0604
160	10.0604
161	10.0604
162	10.0798
163	10.0798
164	10.0798
165	11.4253
166	11.4253
167	11.4838
168	12.3157
169	12.362
170	12.7758
171	12.7758
172	12.7758
173	12.9241
174	12.9241
175	12.9241
176	13.1665
177	13.1665
178	13.7685
179	13.9845
180	13.9845
181	13.9845
182	14.8745
183	14.8745
184	14.8745
185	14.8745
186	14.9207
187	14.9207
188	15.0327
189	15.0327
190	15.0327
191	15.0327
192	15.0327
193	17.0568
194	17.2284
195	17.7368
196	17.7368
197	18.1215
198	18.3268
199	18.9655
