0	17.5818
1	17.5818
2	17.5818
3	17.5818
4	17.5818
5	17.5818
6	17.5818
7	17.5818
8	17.5818
9	17.5818
10	17.5818
11	17.5818
12	17.5818
13	17.5818
14	17.5818
15	17.5818
16	17.5818
17	17.5818
18	17.5818
19	17.5818
20	17.5818
21	17.5818
22	17.5818
23	17.5818
24	17.5818
25	17.5818
26	17.5818
27	17.5818
28	17.5818
29	17.5818
30	17.5818
31	17.5818
32	17.5818
33	17.5818
34	17.5818
35	17.5818
36	17.5818
37	17.5818
38	17.5818
39	17.5818
40	17.5818
41	17.5818
42	17.5818
43	17.5818
44	17.5818
45	17.5818
46	17.5818
47	17.5818
48	17.5818
49	17.5818
50	17.5818
51	17.5818
52	17.5818
53	17.5818
54	17.5818
55	17.5818
56	17.5818
57	17.5818
58	17.5818
59	17.5818
60	17.5818
61	17.5818
62	17.5818
63	17.5818
64	17.5818
65	17.5818
66	17.5818
67	17.5818
68	17.5818
69	17.5818
70	17.5818
71	17.5818
72	17.5818
73	17.5818
74	17.5818
75	17.5818
76	17.5818
77	17.5818
78	17.5818
79	17.5818
80	17.5818
81	17.5818
82	17.5818
83	17.5818
84	17.5818
85	17.5818
86	17.5818
87	17.5818
88	17.5818
89	17.5818
90	17.5818
91	17.5818
92	17.5818
93	17.5818
94	17.5818
95	17.5818
96	17.5818
97	17.5818
98	17.5818
99	17.5818
100	17.5818
101	17.5818
102	17.5818
103	17.5818
104	17.5818
105	17.5818
106	17.5818
107	17.5818
108	17.5818
109	17.5818
110	17.5818
111	17.5818
112	17.5818
113	17.5818
114	17.5818
115	17.5818
116	17.5818
117	17.5818
118	17.5818
119	17.5818
120	17.5818
121	17.5818
122	17.5818
123	17.5818
124	17.5818
125	17.5818
126	17.5818
127	17.5818
128	17.5818
129	17.5818
130	17.5818
131	17.5818
132	17.5818
133	17.5818
134	17.5818
135	17.5818
136	17.5818
137	17.5818
138	17.5818
139	17.5818
140	17.5818
141	17.5818
142	17.5818
143	17.5818
144	17.5818
145	17.5818
146	17.5818
147	17.9448
148	17.9448
149	17.9448
150	17.9448
151	17.9448
152	17.9448
153	17.9448
154	17.9448
155	17.9448
156	17.9448
157	17.9448
158	17.9448
159	17.9448
160	17.9448
161	17.9448
162	17.9448
163	17.9448
164	17.9448
165	17.9448
166	17.9448
167	17.9448
168	17.9448
169	17.9448
170	17.9448
171	17.9448
172	17.9448
173	17.9448
174	17.9448
175	17.9448
176	19.874
177	19.874
178	20.0032
179	20.0032
180	20.1865
181	20.3507
182	20.3684
183	20.9551
184	21.0374
185	21.0374
186	21.0374
187	21.0374
188	21.0989
189	21.1753
190	21.1753
191	21.6988
192	22.2146
193	22.3334
194	22.7159
195	22.7159
196	22.7159
197	23.0063
198	24.4225
199	26.9619
