0	28.4344
1	28.4344
2	28.4344
3	28.4344
4	28.4344
5	28.4344
6	28.4344
7	28.4344
8	28.4344
9	28.4344
10	28.8608
11	28.8608
12	28.8608
13	28.8608
14	28.8608
15	28.8608
16	28.8608
17	28.8608
18	28.8608
19	28.8608
20	28.8608
21	28.8608
22	28.8608
23	28.8608
24	28.8608
25	28.8608
26	28.8608
27	28.8608
28	28.8608
29	28.8608
30	28.8608
31	28.8608
32	28.8608
33	28.8608
34	28.8608
35	28.8608
36	29.4822
37	29.4822
38	29.4822
39	29.4822
40	29.4822
41	29.4822
42	29.4822
43	29.5584
44	29.5584
45	29.5584
46	29.5584
47	29.5584
48	29.5584
49	29.5584
50	29.5584
51	29.5584
52	29.5584
53	29.5584
54	29.5769
55	29.5852
56	29.8544
57	30.1798
58	30.1798
59	30.1798
60	30.5891
61	30.7558
62	30.7558
63	30.7674
64	30.7674
65	31.0654
66	31.0654
67	31.1503
68	31.2866
69	31.2866
70	31.482
71	31.6652
72	31.6652
73	31.6652
74	31.7311
75	31.786
76	32.0184
77	32.1075
78	32.1669
79	32.1853
80	32.2629
81	32.3476
82	32.5915
83	32.5915
84	32.5915
85	32.5915
86	32.5924
87	32.6354
88	32.7502
89	32.7502
90	32.8144
91	32.9035
92	33.0081
93	33.0638
94	33.1493
95	33.1751
96	33.2408
97	33.2828
98	33.3859
99	34.6586
