0	17.0458
1	17.0458
2	17.0458
3	17.0458
4	17.0458
5	17.0458
6	17.0458
7	17.0458
8	17.0458
9	17.0458
10	17.0458
11	17.0458
12	17.0458
13	17.0458
14	17.0458
15	17.0458
16	17.0458
17	17.0458
18	17.0458
19	17.0458
20	17.0458
21	17.0458
22	17.6009
23	17.6009
24	17.6009
25	17.6009
26	17.6009
27	17.6009
28	17.6009
29	17.6009
30	17.6009
31	17.6009
32	17.6009
33	17.6009
34	17.6009
35	18.0134
36	18.0134
37	18.0134
38	18.0134
39	18.7379
40	18.975
41	19.1619
42	19.2674
43	19.2713
44	19.2713
45	19.2713
46	19.2713
47	19.293
48	19.293
49	19.293
50	19.293
51	19.293
52	19.4586
53	19.4586
54	19.4861
55	19.6837
56	19.8447
57	19.8543
58	19.8543
59	19.9809
60	19.9809
61	20.1768
62	20.1768
63	20.1768
64	20.1768
65	20.2636
66	20.3146
67	20.3146
68	20.3146
69	20.3146
70	20.3146
71	20.3146
72	20.459
73	20.5091
74	20.5692
75	20.6473
76	20.727
77	20.727
78	20.7498
79	20.9157
80	20.9892
81	21.2761
82	21.4315
83	21.4315
84	21.4315
85	21.6202
86	21.6512
87	22.0637
88	22.1998
89	22.3453
90	22.3892
91	22.4495
92	22.4855
93	22.7943
94	23.709
95	23.778
96	23.8217
97	24.9013
98	25.2234
99	25.394
