0	13.0322
1	13.0322
2	13.0322
3	13.0322
4	13.0322
5	13.0322
6	13.0322
7	13.0322
8	13.0322
9	13.0322
10	13.0322
11	13.0322
12	13.0322
13	13.0322
14	13.0322
15	13.0322
16	13.0322
17	13.0322
18	13.0322
19	13.0322
20	13.0322
21	13.0322
22	13.0322
23	13.0322
24	13.0322
25	13.0322
26	13.0322
27	13.0322
28	13.0322
29	13.0322
30	13.0322
31	13.0322
32	13.0322
33	13.0322
34	13.0322
35	13.0322
36	13.0322
37	13.0322
38	13.0322
39	13.0322
40	13.0322
41	13.0322
42	13.0322
43	13.0322
44	13.0322
45	13.0322
46	13.0322
47	13.0322
48	13.0322
49	13.0322
50	13.0322
51	13.0322
52	13.0322
53	13.0322
54	13.0322
55	13.0322
56	13.0322
57	13.0322
58	13.0322
59	13.0322
60	13.0322
61	13.0322
62	13.0322
63	13.0322
64	13.0322
65	13.0322
66	13.0322
67	13.0322
68	13.0322
69	13.0322
70	13.0322
71	13.0322
72	13.0322
73	13.0322
74	13.0322
75	13.0322
76	13.0322
77	13.0322
78	13.0322
79	13.0322
80	13.0322
81	13.0322
82	13.0322
83	13.0322
84	13.0322
85	13.0322
86	13.0322
87	13.0322
88	13.0322
89	13.0322
90	13.0322
91	13.0322
92	13.0322
93	13.0322
94	13.0322
95	13.0322
96	13.0322
97	13.0322
98	13.0322
99	13.0322
100	13.0322
101	13.0322
102	13.0322
103	13.0322
104	13.0322
105	13.0322
106	13.0322
107	13.0322
108	13.0322
109	13.0322
110	13.0322
111	13.0322
112	13.0322
113	13.0322
114	13.0322
115	13.0322
116	13.0322
117	13.0322
118	13.0322
119	13.0322
120	13.0322
121	13.0322
122	13.0322
123	13.0322
124	13.0322
125	13.0322
126	13.0322
127	13.0322
128	13.0322
129	13.0322
130	13.0322
131	13.0322
132	13.0322
133	13.0322
134	13.0322
135	13.0322
136	13.0322
137	13.0322
138	13.1456
139	13.1456
140	13.1456
141	13.1456
142	13.1456
143	13.1456
144	13.1456
145	13.1456
146	13.1456
147	13.1456
148	13.1456
149	13.1456
150	13.1456
151	13.1456
152	13.1456
153	13.1456
154	13.1456
155	13.1456
156	13.1456
157	13.1456
158	13.1456
159	13.1456
160	13.1456
161	13.1456
162	13.1456
163	13.1456
164	13.1456
165	13.1456
166	13.1456
167	13.1456
168	13.1456
169	13.1456
170	13.1456
171	13.1456
172	13.1456
173	13.1456
174	13.1456
175	13.1456
176	13.5681
177	14.4795
178	14.4795
179	16.3743
180	16.3743
181	16.3743
182	16.4872
183	16.4872
184	16.4872
185	16.4872
186	16.4872
187	16.4872
188	16.5344
189	17.2297
190	17.2297
191	17.2297
192	17.623
193	17.6529
194	18.508
195	19.1291
196	19.4189
197	20.2009
198	20.9991
199	24.5075
