0	9.5628
1	9.5628
2	9.5628
3	9.5628
4	9.5628
5	9.5628
6	9.5628
7	9.5628
8	9.5628
9	9.5628
10	9.5628
11	9.5628
12	9.5628
13	9.5628
14	9.5628
15	9.5628
16	9.5628
17	9.5628
18	9.5628
19	9.5628
20	9.5628
21	9.5628
22	9.5628
23	9.5628
24	9.5628
25	9.5628
26	9.5628
27	9.5628
28	9.5628
29	9.5628
30	9.5628
31	9.5628
32	9.5628
33	9.5628
34	9.5628
35	9.5628
36	9.5628
37	9.5628
38	9.5628
39	9.5628
40	9.5628
41	9.5628
42	9.5628
43	9.5628
44	9.5628
45	9.5628
46	9.5628
47	9.5628
48	9.5628
49	9.5628
50	9.5628
51	9.5628
52	9.5628
53	9.5628
54	9.5628
55	9.5628
56	9.5628
57	9.5628
58	9.5628
59	9.5628
60	9.5628
61	9.5628
62	9.5628
63	9.5628
64	9.5628
65	9.5628
66	9.5628
67	9.5628
68	9.5628
69	9.5628
70	9.5628
71	9.5628
72	9.5628
73	9.5628
74	9.5628
75	9.5628
76	9.5628
77	9.5628
78	9.5628
79	9.5628
80	9.5628
81	9.5628
82	9.5628
83	9.5628
84	9.5628
85	9.5628
86	9.5628
87	9.5628
88	9.5628
89	9.5628
90	9.5628
91	9.5628
92	9.5628
93	9.5628
94	9.5628
95	9.5628
96	9.5628
97	9.5628
98	9.5628
99	9.5628
100	9.5628
101	9.5628
102	9.5628
103	9.5628
104	9.5628
105	9.5628
106	9.5628
107	9.5628
108	9.5628
109	9.5628
110	9.5628
111	9.5628
112	9.5628
113	9.5628
114	9.5628
115	9.5628
116	9.5628
117	9.5628
118	9.5628
119	9.5628
120	9.5628
121	9.5628
122	9.5628
123	9.5628
124	9.5628
125	9.5628
126	9.5628
127	9.5628
128	9.5628
129	9.5628
130	9.5628
131	9.5628
132	9.5628
133	9.64942
134	9.64942
135	9.64942
136	9.64942
137	9.64942
138	9.64942
139	9.64942
140	9.64942
141	9.64942
142	9.64942
143	9.64942
144	9.64942
145	9.64942
146	9.64942
147	9.64942
148	9.64942
149	9.64942
150	9.64942
151	9.64942
152	9.64942
153	9.64942
154	9.64942
155	9.64942
156	9.64942
157	9.64942
158	9.64942
159	9.64942
160	9.64942
161	9.64942
162	9.64942
163	9.64942
164	9.64942
165	9.64942
166	9.64942
167	9.67797
168	9.67797
169	9.67797
170	9.67797
171	9.67797
172	9.67797
173	9.75372
174	11.5672
175	11.5672
176	11.5672
177	11.5672
178	11.8018
179	11.8018
180	11.8339
181	13.81
182	14.7963
183	14.8651
184	15.1492
185	15.1492
186	15.1492
187	15.1492
188	15.1492
189	15.1492
190	16.3513
191	16.4255
192	16.8466
193	16.8466
194	17.6133
195	17.9135
196	18.9719
197	19.0813
198	21.3308
199	23.8831
