0	20.3146
1	20.3146
2	20.3146
3	20.3146
4	20.3146
5	20.3146
6	20.3146
7	21.0938
8	21.0938
9	21.0938
10	21.0938
11	21.0938
12	21.0938
13	21.0938
14	21.0938
15	21.0938
16	21.0938
17	21.0938
18	21.0938
19	21.0938
20	21.0938
21	21.0938
22	21.0938
23	21.0938
24	21.0938
25	21.0938
26	21.0938
27	21.0938
28	21.0938
29	21.0938
30	21.0938
31	21.3123
32	21.3123
33	21.5062
34	21.5062
35	21.7247
36	21.7247
37	22.5398
38	22.5398
39	22.5398
40	22.5512
41	22.5512
42	22.6326
43	22.6326
44	22.6326
45	22.6326
46	22.6326
47	22.6326
48	22.6326
49	22.6326
50	22.6326
51	22.6326
52	22.6326
53	22.6326
54	22.6326
55	22.6326
56	22.6326
57	22.6326
58	22.6326
59	22.6326
60	22.6855
61	22.6855
62	22.7936
63	22.7936
64	22.7936
65	22.7936
66	23.045
67	23.045
68	23.045
69	23.045
70	23.2498
71	23.5059
72	23.5059
73	23.5572
74	23.7471
75	23.7494
76	24.1417
77	24.1417
78	24.3199
79	24.3246
80	24.3246
81	24.3246
82	24.3246
83	24.391
84	24.4095
85	24.47
86	24.5177
87	24.8575
88	24.9911
89	25.0125
90	25.0125
91	25.1535
92	25.1535
93	25.3213
94	25.3708
95	25.4906
96	25.4906
97	25.5976
98	27.5414
99	27.5414
