0	21.8016
1	21.8016
2	21.8016
3	21.8016
4	21.8016
5	21.8016
6	21.8016
7	21.8016
8	21.8016
9	21.8016
10	21.8016
11	21.8016
12	21.8016
13	21.8016
14	21.8016
15	21.8016
16	21.8016
17	21.8016
18	21.8016
19	21.8016
20	21.8016
21	21.8016
22	21.8016
23	21.8016
24	21.8016
25	21.8016
26	21.8016
27	21.8016
28	21.8016
29	21.8016
30	21.8016
31	21.8016
32	21.8016
33	21.8016
34	21.8016
35	21.8016
36	21.8016
37	21.8016
38	21.8016
39	21.8016
40	21.8016
41	21.8016
42	21.8016
43	21.8016
44	21.8016
45	21.8016
46	21.8016
47	21.8016
48	21.8016
49	21.8016
50	21.8016
51	21.8016
52	21.8016
53	21.8016
54	21.8016
55	21.8016
56	21.8016
57	21.8016
58	21.8016
59	21.8016
60	21.8016
61	21.8016
62	21.8016
63	21.8016
64	21.8016
65	21.8016
66	21.8016
67	21.8016
68	21.8016
69	21.8016
70	21.8016
71	21.8016
72	21.8016
73	21.8016
74	21.8016
75	21.8016
76	21.8016
77	21.8016
78	21.8016
79	21.8016
80	21.8016
81	21.8016
82	21.8016
83	21.8016
84	21.8016
85	21.8016
86	21.8016
87	21.8016
88	21.8016
89	21.8016
90	21.8016
91	21.8016
92	21.8016
93	21.8016
94	21.8016
95	21.8016
96	21.8016
97	21.8016
98	21.8016
99	21.8016
100	21.8016
101	21.8016
102	21.8016
103	21.8016
104	21.8016
105	21.8016
106	21.8016
107	21.8016
108	21.8016
109	21.8016
110	21.8016
111	21.8016
112	21.8016
113	21.8016
114	21.8016
115	21.8016
116	21.8016
117	21.8016
118	21.8016
119	21.8016
120	23.627
121	23.627
122	23.627
123	23.627
124	23.627
125	23.627
126	23.627
127	23.627
128	23.627
129	23.627
130	23.627
131	23.627
132	23.627
133	23.627
134	23.627
135	23.627
136	23.627
137	23.627
138	23.627
139	23.627
140	23.627
141	23.627
142	23.627
143	23.627
144	23.627
145	23.627
146	24.8133
147	24.8354
148	25.2257
149	25.2257
150	25.3005
151	25.3005
152	25.3005
153	25.3005
154	25.3005
155	25.3005
156	25.3005
157	25.3005
158	25.5308
159	26.2216
160	26.4267
161	26.4267
162	26.4267
163	26.4267
164	26.4711
165	26.4711
166	26.4711
167	26.4711
168	26.4711
169	26.4711
170	26.4711
171	26.4711
172	26.4711
173	27.2578
174	27.2578
175	27.5633
176	27.5633
177	27.5633
178	27.5633
179	27.5633
180	27.5633
181	27.5633
182	27.5633
183	27.5633
184	27.5633
185	27.5633
186	27.5633
187	27.5633
188	27.5633
189	27.9869
190	28.0755
191	28.0755
192	28.0755
193	28.161
194	28.4891
195	29.0643
196	29.65
197	29.65
198	29.65
199	30.5956
