0	14.5383
1	14.5383
2	14.5383
3	14.5383
4	14.5383
5	14.5383
6	14.5383
7	14.5383
8	14.5383
9	14.5383
10	14.5383
11	14.5383
12	14.5383
13	14.5383
14	14.5383
15	14.5383
16	14.5383
17	14.5383
18	14.5383
19	14.5383
20	14.5383
21	14.5383
22	14.5383
23	14.5383
24	14.5383
25	14.5383
26	14.5383
27	14.5383
28	14.5383
29	14.5383
30	14.5383
31	14.5383
32	14.5383
33	14.5383
34	14.5383
35	14.5383
36	14.5383
37	14.5383
38	14.5383
39	14.5383
40	14.5383
41	14.5383
42	14.5383
43	14.5383
44	14.5383
45	14.5383
46	14.5383
47	14.5383
48	14.5383
49	14.5383
50	14.5383
51	14.5383
52	14.5383
53	14.5383
54	14.5383
55	14.5383
56	14.5383
57	14.5383
58	14.5383
59	14.5383
60	14.5383
61	14.5383
62	14.5383
63	14.5383
64	14.5383
65	14.5383
66	14.5383
67	14.5383
68	14.5383
69	14.5383
70	14.5383
71	14.5383
72	14.5383
73	14.5383
74	14.5383
75	14.5383
76	14.5383
77	14.5383
78	14.5383
79	14.5383
80	14.5383
81	14.5383
82	14.5383
83	14.5383
84	14.5383
85	14.5383
86	14.5383
87	14.5383
88	14.5383
89	14.5383
90	14.5383
91	14.5383
92	14.5383
93	14.5383
94	14.5383
95	14.5383
96	14.5383
97	14.5383
98	14.5383
99	14.5383
100	14.5383
101	14.5383
102	14.5383
103	14.5383
104	14.5383
105	14.5383
106	14.5383
107	14.5383
108	14.5383
109	14.5383
110	14.5383
111	14.5383
112	14.5383
113	14.5383
114	14.5383
115	14.5383
116	14.5383
117	14.5383
118	14.5383
119	14.5383
120	14.5383
121	14.5383
122	14.5383
123	14.5383
124	14.5383
125	14.5383
126	14.5383
127	14.5383
128	14.5383
129	14.5383
130	14.5383
131	14.5383
132	14.5383
133	14.5383
134	14.5383
135	14.5383
136	14.5383
137	14.5383
138	14.5383
139	14.5383
140	14.5383
141	14.5383
142	14.5383
143	14.5383
144	14.5383
145	14.5383
146	14.5383
147	14.5383
148	14.5383
149	14.5388
150	14.5388
151	14.5388
152	14.5388
153	14.5388
154	14.5388
155	14.5388
156	14.5388
157	14.5388
158	14.5388
159	14.5388
160	14.5388
161	14.5388
162	14.5388
163	14.5388
164	14.5388
165	14.5388
166	14.5388
167	14.5388
168	15.1335
169	15.1335
170	15.1335
171	15.1335
172	15.2857
173	15.2857
174	15.2857
175	15.2857
176	15.2857
177	15.6681
178	15.6681
179	15.6681
180	16.463
181	16.5444
182	16.8252
183	16.8252
184	17.6514
185	17.7675
186	17.8426
187	18.5056
188	19.3326
189	19.4452
190	19.8544
191	20.4794
192	20.4794
193	20.6118
194	22.5492
195	22.5996
196	22.5996
197	23.4021
198	23.4593
199	23.9771
