0	13.547
1	13.547
2	13.547
3	13.547
4	13.547
5	13.547
6	13.547
7	13.547
8	13.547
9	13.547
10	13.547
11	13.547
12	13.547
13	13.547
14	13.547
15	13.547
16	13.547
17	13.547
18	13.547
19	13.547
20	13.547
21	13.547
22	13.547
23	13.547
24	13.547
25	13.547
26	13.547
27	13.547
28	13.547
29	13.547
30	13.547
31	13.547
32	13.547
33	13.547
34	13.547
35	13.547
36	13.547
37	13.547
38	13.547
39	13.547
40	13.547
41	13.547
42	13.547
43	14.1525
44	14.1525
45	14.1525
46	14.1525
47	14.1525
48	14.1525
49	14.3418
50	14.3418
51	14.3418
52	14.9504
53	14.9504
54	14.9504
55	15.0172
56	15.0172
57	15.2525
58	15.2525
59	15.3124
60	15.3124
61	15.3124
62	15.3124
63	15.3124
64	15.3635
65	15.3635
66	15.3635
67	15.3635
68	15.7759
69	15.7759
70	16.0338
71	16.0338
72	16.0338
73	16.0338
74	16.2229
75	16.2232
76	16.3295
77	16.3958
78	16.4894
79	16.6425
80	16.6929
81	16.7002
82	16.8686
83	17.056
84	17.1077
85	17.15
86	17.474
87	17.474
88	17.474
89	17.474
90	17.6928
91	17.9244
92	18.0118
93	18.2162
94	18.2607
95	18.4137
96	18.8324
97	20.0278
98	20.0278
99	20.626
