0	15.3639
1	15.3639
2	15.3639
3	15.3639
4	15.3639
5	15.3639
6	15.3639
7	15.3639
8	15.3639
9	15.3639
10	15.3639
11	15.3639
12	15.3639
13	15.3639
14	15.3639
15	15.3639
16	15.3639
17	15.3639
18	15.3639
19	15.3639
20	15.3639
21	15.3639
22	15.3639
23	15.3639
24	15.3639
25	15.3639
26	15.3639
27	15.3639
28	15.3639
29	15.3639
30	15.3639
31	15.3639
32	15.3639
33	15.3639
34	15.3639
35	15.3639
36	15.3639
37	15.3639
38	15.3639
39	15.3639
40	15.3639
41	15.4349
42	15.4349
43	15.4349
44	15.4349
45	15.6886
46	15.6886
47	15.6886
48	15.7764
49	15.7764
50	15.7764
51	15.7764
52	15.7764
53	15.8881
54	16.1011
55	16.1762
56	16.1762
57	16.523
58	16.6848
59	16.8715
60	16.8715
61	17.056
62	17.056
63	17.056
64	17.056
65	17.056
66	17.2256
67	17.2386
68	17.2594
69	17.2594
70	17.2641
71	17.3201
72	17.3201
73	17.3807
74	17.3807
75	17.3939
76	17.8143
77	17.8143
78	17.8178
79	17.8178
80	17.8178
81	17.9088
82	18.0215
83	18.2225
84	18.5467
85	18.5838
86	18.6975
87	18.7032
88	18.7032
89	18.7373
90	18.9157
91	18.9444
92	19.7251
93	19.952
94	20.0525
95	20.0525
96	20.0525
97	20.2728
98	20.994
99	21.0649
