0	15.2525
1	15.2525
2	15.2525
3	15.2525
4	15.2525
5	15.2525
6	15.2525
7	15.2525
8	15.2525
9	15.2525
10	15.3635
11	15.3635
12	15.3635
13	15.3635
14	15.3635
15	15.3639
16	15.3639
17	15.3639
18	15.3639
19	15.3639
20	15.3639
21	15.3639
22	15.3639
23	15.3639
24	15.3639
25	15.3639
26	15.3639
27	15.3639
28	15.3639
29	15.3639
30	15.3639
31	15.3639
32	15.3639
33	15.3639
34	15.3639
35	15.3639
36	15.3639
37	15.3639
38	15.3639
39	15.3639
40	15.3639
41	15.3639
42	15.3639
43	15.3639
44	15.3639
45	15.3639
46	15.3639
47	15.3639
48	15.3639
49	15.3639
50	15.3639
51	15.3639
52	15.3639
53	15.3639
54	15.6886
55	15.7764
56	15.7764
57	15.7764
58	15.7764
59	15.7764
60	15.7764
61	16.0458
62	16.062
63	16.1762
64	16.1762
65	16.6446
66	17.0503
67	17.056
68	17.056
69	17.056
70	17.056
71	17.056
72	17.056
73	17.056
74	17.056
75	17.3457
76	17.3457
77	17.3457
78	17.3457
79	17.3457
80	17.3807
81	17.5853
82	17.6236
83	17.6236
84	17.6236
85	17.7737
86	17.7737
87	17.8178
88	17.8178
89	17.82
90	18.2225
91	18.2302
92	18.329
93	18.329
94	18.4757
95	18.5776
96	18.6395
97	18.6975
98	20.2911
99	20.8488
