0	8.79795
1	8.79795
2	8.79795
3	8.79795
4	8.79795
5	8.79795
6	8.79795
7	8.79795
8	8.79795
9	8.79795
10	8.79795
11	8.79795
12	8.79795
13	8.79795
14	8.79795
15	8.79795
16	8.79795
17	8.79795
18	8.79795
19	8.79795
20	8.79795
21	8.79795
22	8.79795
23	8.79795
24	8.79795
25	8.79795
26	8.79795
27	8.79795
28	8.79795
29	8.79795
30	8.79795
31	8.79795
32	8.79795
33	8.79795
34	8.79795
35	8.79795
36	8.79795
37	8.79795
38	8.79795
39	8.79795
40	8.79795
41	8.79795
42	8.79795
43	8.79795
44	8.79795
45	8.79795
46	8.79795
47	8.79795
48	8.79795
49	8.79795
50	8.79795
51	8.95476
52	8.95476
53	8.95476
54	8.95476
55	8.95476
56	8.95476
57	8.95476
58	8.95476
59	8.95476
60	8.95476
61	8.95476
62	8.95476
63	8.95476
64	8.95476
65	8.95476
66	8.95476
67	8.95476
68	9.35129
69	9.50349
70	9.50349
71	10.0406
72	10.4141
73	10.4141
74	10.4141
75	10.4141
76	10.8116
77	11.0363
78	11.0979
79	11.3382
80	12.1273
81	12.5805
82	12.657
83	12.657
84	12.657
85	12.719
86	12.719
87	12.719
88	13.193
89	13.6685
90	14.2731
91	14.2731
92	14.5524
93	14.8036
94	14.8036
95	15.5038
96	15.5861
97	15.5861
98	15.5989
99	16.3083
