-0.298434	-0.503699	-1.04871
-0.292621	-1.06372	-0.54754
-0.264691	-0.934367	1.58692
-0.290772	0.202883	0.280487
-0.0525321	0.852124	-0.592149
-0.0691157	2.00531	-0.261533
-0.840844	-1.26397	-2.88452
-0.347663	-1.87028	-1.19462
-2.28124	2.38429	1.92214
1.63941	2.553	0.959613
0.695475	-1.57667	1.13283
1.2325	0.586484	0.270992
3.10703	-0.256811	0.802685
-0.896148	0.498112	-1.27399
-0.20636	-0.822314	-1.09015
0.371459	0.992054	1.57161
-0.395867	0.867999	0.688566
-0.691021	0.603553	-2.66645
-0.506974	-3.52944	3.10466
-0.854922	0.848435	1.42298
-0.462895	-1.71846	0.772052
-0.271564	-0.376372	0.944782
-0.499349	1.10689	-1.80898
-0.380159	0.68175	1.09379
-1.67302	-1.22005	-1.13128
1.10076	-1.31546	0.681091
1.77924	0.91669	0.0583618
-1.26596	-1.97485	1.44478
0.314788	-0.167249	0.599763
-0.370391	1.20495	0.306401
0.574826	1.12457	-0.0584061
0.511819	1.04888	-2.86872
1.21577	1.37238	0.00360798
-0.10451	-1.55609	1.87445
0.325291	0.865567	0.340285
1.48434	2.45949	-0.921852
-0.618429	-0.684203	1.22849
-1.82651	-0.349174	1.42725
-1.29178	-0.752189	-0.347943
-2.02751	0.259406	1.68512
0.0533967	-0.661648	-0.00719348
0.699825	-0.595074	-1.73426
-0.589638	-1.47749	0.825824
0.769656	-0.539876	-0.829223
1.12459	2.41825	0.139416
0.0788949	0.132926	0.577936
-0.0615623	0.32774	-0.312196
0.716219	-0.649367	-0.870121
0.713825	1.16868	-0.571685
-0.289544	-0.0604963	-2.3956
-0.94476	0.018639	1.18728
1.53491	0.600213	2.64469
-0.355545	-1.87774	-1.07083
1.56154	0.0235398	1.08162
-1.21182	1.66229	-1.00914
0.192955	-0.0773123	-0.75195
0.458545	0.304453	-0.0585357
-1.5313	0.537296	-1.37421
-0.785457	-1.84533	2.36614
-0.85115	0.0192832	-0.805294
0.0714194	-1.5075	-0.640152
1.69461	0.478735	-0.321914
-0.825782	-0.614203	1.44652
1.98046	-1.50382	2.59707
0.340105	-0.9292	-1.08793
-0.256118	-0.893129	-0.359408
1.68063	0.618793	-2.23393
0.387469	0.127745	-0.455033
2.43128	0.247881	-1.47738
-1.19686	-0.300241	1.05953
0.689442	1.3313	-1.0401
-0.442052	1.38251	0.445352
-1.72129	-0.572132	1.49683
-1.18314	-0.70725	1.28747
1.97967	0.566825	-0.780125
0.268757	-0.00595643	-0.80868
-0.537321	-0.438441	-1.62025
-1.86341	-0.621314	1.08425
0.877522	-0.19454	-0.996984
0.289285	1.10972	-0.500826
-0.0434783	-1.34861	1.27608
-1.36596	0.274691	1.04187
1.09114	1.50303	-0.997226
-2.25259	-0.0485315	0.826478
-0.577464	0.028485	1.12761
2.61992	0.980284	-0.0733637
1.34288	-0.582493	-0.260013
-0.14351	-0.897043	0.454377
-1.73948	-0.314838	-2.34374
0.749252	0.277277	0.37291
0.0387125	0.89991	0.475562
-0.381849	0.172652	0.419949
-1.03899	1.16858	-0.42944
0.256166	-1.24665	1.0922
1.47992	-1.35861	-2.26308
-0.62398	0.631351	-0.251388
0.0649993	0.0487042	-1.62018
-0.915242	1.32696	-0.219606
-0.377536	-0.621154	0.0288047
0.804117	-1.11692	-0.346039
-1.1126	-0.62652	0.335637
-0.716355	0.925328	-0.165038
1.50082	0.210476	0.0633915
-0.764307	-0.980365	1.65353
-1.11078	-0.712307	-1.42147
-0.44549	0.415843	-0.981394
1.52972	0.316226	-0.692895
0.912265	2.17006	1.26262
