#	BLOCK:	ACTUAL_T:	T_AVE:	ERROR:
	1	0.565468	0.565468	0
	2	0.567394	0.566431	0.000680954
	3	0.563109	0.565323	0.00101172
	4	0.565502	0.565368	0.00075978
	5	0.56517	0.565328	0.000608857
	6	0.563514	0.565026	0.000577633
	7	0.566833	0.565284	0.000549791
	8	0.562098	0.564886	0.000608478
	9	0.573046	0.565792	0.00101156
	10	0.563038	0.565517	0.000947169
	11	0.562104	0.565207	0.000910476
	12	0.572861	0.565845	0.00103418
	13	0.568645	0.56606	0.000976812
	14	0.565	0.565984	0.000909968
	15	0.563621	0.565827	0.00086284
	16	0.565058	0.565779	0.000810248
	17	0.568557	0.565942	0.000778893
	18	0.566586	0.565978	0.000736442
	19	0.564768	0.565914	0.00070043
	20	0.568841	0.566061	0.000680526
	21	0.565432	0.566031	0.000648777
	22	0.564582	0.565965	0.000622619
	23	0.569498	0.566118	0.000614207
	24	0.565937	0.566111	0.000588662
	25	0.567351	0.56616	0.000567202
	26	0.566289	0.566165	0.000545408
	27	0.566597	0.566181	0.000525442
	28	0.567779	0.566238	0.000509763
	29	0.561573	0.566078	0.000516945
	30	0.570083	0.566211	0.000516665
	31	0.568127	0.566273	0.00050368
	32	0.564934	0.566231	0.000489674
	33	0.566354	0.566235	0.00047485
	34	0.56269	0.56613	0.000472193
	35	0.570251	0.566248	0.000473153
	36	0.562955	0.566157	0.000468768
	37	0.56648	0.566165	0.00045618
	38	0.567085	0.56619	0.000444817
	39	0.565052	0.56616	0.000434367
	40	0.564742	0.566125	0.000424953
	41	0.567954	0.56617	0.000416923
	42	0.564489	0.56613	0.000408912
	43	0.565968	0.566126	0.00039942
	44	0.565571	0.566113	0.000390541
	45	0.564701	0.566082	0.000383121
	46	0.565198	0.566063	0.000375273
	47	0.567526	0.566094	0.000368578
	48	0.567579	0.566125	0.000362195
	49	0.562746	0.566056	0.000361308
	50	0.564102	0.566017	0.000356188
	51	0.566776	0.566032	0.000349515
	52	0.569929	0.566107	0.000350739
	53	0.567772	0.566138	0.000345526
	54	0.562362	0.566068	0.000346129
	55	0.569633	0.566133	0.00034585
	56	0.565714	0.566125	0.000339755
	57	0.568402	0.566165	0.000336133
	58	0.565228	0.566149	0.000330726
	59	0.565371	0.566136	0.000325384
	60	0.566186	0.566137	0.000319962
	61	0.565724	0.56613	0.000314788
	62	0.567101	0.566146	0.0003101
	63	0.561844	0.566077	0.000312604
	64	0.566566	0.566085	0.000307813
	65	0.568864	0.566128	0.000306032
	66	0.563658	0.56609	0.000303674
	67	0.56566	0.566084	0.000299209
	68	0.565593	0.566077	0.000294896
	69	0.564672	0.566056	0.000291324
	70	0.567536	0.566078	0.000287928
	71	0.563132	0.566036	0.000286846
	72	0.570871	0.566103	0.000290616
	73	0.562049	0.566048	0.000291893
	74	0.568828	0.566085	0.000290356
	75	0.567477	0.566104	0.000287077
	76	0.566058	0.566103	0.000283301
	77	0.568914	0.56614	0.000281963
	78	0.561369	0.566079	0.000284904
	79	0.565373	0.56607	0.000281438
	80	0.567858	0.566092	0.000278806
	81	0.568852	0.566126	0.000277439
	82	0.563855	0.566098	0.000275435
	83	0.564457	0.566079	0.000272825
	84	0.566233	0.56608	0.000269584
	85	0.565178	0.56607	0.000266621
	86	0.5657	0.566065	0.000263555
	87	0.56322	0.566033	0.000262548
	88	0.572415	0.566105	0.000269396
	89	0.561853	0.566058	0.000270574
	90	0.567666	0.566075	0.000268157
	91	0.567505	0.566091	0.00026567
	92	0.565407	0.566084	0.000262886
	93	0.567965	0.566104	0.000260837
	94	0.56518	0.566094	0.000258247
	95	0.5665	0.566098	0.000255564
	96	0.569322	0.566132	0.000255098
	97	0.565348	0.566124	0.000252596
	98	0.569769	0.566161	0.000252742
	99	0.562071	0.56612	0.000253543
	100	0.568854	0.566147	0.000252477
	101	0.56463	0.566132	0.000250424
	102	0.565276	0.566124	0.000248109
	103	0.56419	0.566105	0.00024641
	104	0.567512	0.566118	0.000244411
	105	0.566853	0.566125	0.000242183
	106	0.565593	0.56612	0.000239951
	107	0.569414	0.566151	0.000239674
	108	0.570595	0.566192	0.000240961
	109	0.56819	0.566211	0.000239447
	110	0.564672	0.566197	0.000237678
	111	0.569456	0.566226	0.000237344
	112	0.562401	0.566192	0.000237669
	113	0.564418	0.566176	0.000236084
	114	0.569259	0.566203	0.000235557
	115	0.571944	0.566253	0.000238739
	116	0.564157	0.566235	0.000237364
	117	0.566989	0.566242	0.000235423
	118	0.56372	0.56622	0.000234395
	119	0.567203	0.566228	0.000232571
	120	0.566567	0.566231	0.00023065
	121	0.566148	0.566231	0.000228745
	122	0.568621	0.56625	0.000227707
	123	0.565602	0.566245	0.000225917
	124	0.567393	0.566254	0.000224285
	125	0.561742	0.566218	0.000225376
	126	0.568718	0.566238	0.00022446
	127	0.560368	0.566192	0.000227401
	128	0.572874	0.566244	0.00023154
	129	0.563427	0.566222	0.000230772
	130	0.567353	0.566231	0.000229161
	131	0.565944	0.566229	0.000227422
	132	0.566324	0.566229	0.000225701
	133	0.568856	0.566249	0.000224866
	134	0.563898	0.566231	0.000223871
	135	0.56644	0.566233	0.000222218
	136	0.56554	0.566228	0.000220643
	137	0.566944	0.566233	0.000219094
	138	0.564893	0.566223	0.000217722
	139	0.567447	0.566232	0.000216333
	140	0.566699	0.566236	0.000214813
	141	0.571083	0.56627	0.000216023
	142	0.565166	0.566262	0.000214642
	143	0.565694	0.566258	0.000213178
	144	0.567427	0.566266	0.000211852
	145	0.561444	0.566233	0.000212985
	146	0.570848	0.566265	0.000213859
	147	0.569091	0.566284	0.000213267
	148	0.566117	0.566283	0.000211829
	149	0.565247	0.566276	0.000210521
	150	0.56606	0.566274	0.000209122
	151	0.567399	0.566282	0.00020787
	152	0.568027	0.566293	0.000206819
	153	0.56331	0.566274	0.000206384
	154	0.570631	0.566302	0.000206974
	155	0.563969	0.566287	0.000206186
	156	0.566126	0.566286	0.000204866
	157	0.56992	0.566309	0.000204865
	158	0.568837	0.566325	0.000204192
	159	0.561217	0.566293	0.00020542
	160	0.570938	0.566322	0.000206177
	161	0.565351	0.566316	0.000204985
	162	0.570585	0.566342	0.000205406
	163	0.564647	0.566332	0.000204409
	164	0.570131	0.566355	0.000204471
	165	0.562003	0.566329	0.000204926
	166	0.565559	0.566324	0.000203744
	167	0.565645	0.56632	0.000202564
	168	0.566012	0.566318	0.000201367
	169	0.567544	0.566325	0.000200306
	170	0.563631	0.56631	0.000199754
	171	0.57241	0.566345	0.000201746
	172	0.561587	0.566318	0.000202461
	173	0.563459	0.566301	0.000201964
	174	0.56961	0.56632	0.000201696
	175	0.568745	0.566334	0.000201019
	176	0.56387	0.56632	0.000200363
	177	0.566375	0.56632	0.000199232
	178	0.56317	0.566303	0.000198897
	179	0.569291	0.566319	0.000198485
	180	0.565935	0.566317	0.000197394
	181	0.56862	0.56633	0.000196713
	182	0.564757	0.566321	0.000195822
	183	0.571189	0.566348	0.00019655
	184	0.561687	0.566322	0.000197107
	185	0.566782	0.566325	0.000196058
	186	0.569725	0.566343	0.000195854
	187	0.559743	0.566308	0.000197962
	188	0.565491	0.566304	0.000196956
	189	0.567991	0.566313	0.000196117
	190	0.569043	0.566327	0.00019561
	191	0.564733	0.566319	0.000194764
	192	0.565144	0.566312	0.000193846
	193	0.561497	0.566288	0.00019444
	194	0.568717	0.5663	0.000193841
	195	0.573948	0.566339	0.000196775
	196	0.559238	0.566303	0.000199079
	197	0.573377	0.566339	0.00020128
	198	0.567644	0.566346	0.000200372
	199	0.557817	0.566303	0.000203897
	200	0.572902	0.566336	0.00020553
	201	0.564782	0.566328	0.000204653
	202	0.561328	0.566303	0.000205131
	203	0.575063	0.566346	0.00020861
	204	0.564289	0.566336	0.000207831
	205	0.565812	0.566334	0.000206833
	206	0.561485	0.56631	0.000207164
	207	0.567148	0.566314	0.000206203
	208	0.565655	0.566311	0.000205236
	209	0.571085	0.566334	0.000205521
	210	0.562278	0.566315	0.000205448
	211	0.567865	0.566322	0.000204606
	212	0.564011	0.566311	0.000203931
	213	0.572186	0.566339	0.00020483
	214	0.562477	0.566321	0.000204666
	215	0.562421	0.566302	0.000204516
	216	0.56728	0.566307	0.00020362
	217	0.565605	0.566304	0.000202707
	218	0.568322	0.566313	0.000201989
	219	0.565854	0.566311	0.000201077
	220	0.566441	0.566311	0.000200164
	221	0.56592	0.56631	0.000199266
	222	0.570326	0.566328	0.000199188
	223	0.566437	0.566328	0.000198295
	224	0.569407	0.566342	0.000197886
	225	0.560989	0.566318	0.000198431
	226	0.572178	0.566344	0.00019924
	227	0.558875	0.566311	0.000201061
	228	0.56786	0.566318	0.000200294
	229	0.564834	0.566312	0.000199524
	230	0.571606	0.566335	0.00019998
	231	0.558766	0.566302	0.00020178
	232	0.569067	0.566314	0.000201262
	233	0.56316	0.5663	0.000200853
	234	0.56724	0.566304	0.000200034
	235	0.56497	0.566299	0.000199264
	236	0.56443	0.566291	0.000198577
	237	0.570823	0.56631	0.000198657
	238	0.564289	0.566301	0.000198004
	239	0.56582	0.566299	0.000197186
	240	0.570577	0.566317	0.000197168
	241	0.560117	0.566291	0.000198021
	242	0.575756	0.56633	0.000201028
	243	0.561145	0.566309	0.000201331
	244	0.568921	0.56632	0.00020079
	245	0.56709	0.566323	0.000199995
	246	0.564358	0.566315	0.000199341
	247	0.568141	0.566322	0.000198671
	248	0.565974	0.566321	0.000197875
	249	0.568964	0.566332	0.000197365
	250	0.566229	0.566331	0.000196576
	251	0.568549	0.56634	0.000195991
	252	0.561759	0.566322	0.000196055
	253	0.571251	0.566341	0.000196246
	254	0.565717	0.566339	0.000195488
	255	0.568859	0.566349	0.000194971
	256	0.572156	0.566371	0.000195525
	257	0.55956	0.566345	0.000196552
	258	0.569277	0.566356	0.000196119
	259	0.570893	0.566374	0.000196142
	260	0.562641	0.566359	0.000195912
	261	0.567752	0.566365	0.000195234
	262	0.568427	0.566373	0.000194648
	263	0.562578	0.566358	0.000194442
	264	0.567325	0.566362	0.00019374
	265	0.566322	0.566362	0.000193009
	266	0.563166	0.56635	0.000192657
	267	0.569869	0.566363	0.000192385
	268	0.56968	0.566375	0.000192065
	269	0.558097	0.566344	0.000193801
	270	0.564759	0.566339	0.000193172
	271	0.565611	0.566336	0.000192478
	272	0.56494	0.566331	0.000191839
	273	0.568487	0.566339	0.000191299
	274	0.564088	0.56633	0.000190777
	275	0.563908	0.566322	0.000190286
	276	0.56925	0.566332	0.000189892
	277	0.565793	0.56633	0.000189217
	278	0.569532	0.566342	0.000188886
	279	0.560732	0.566322	0.000189276
	280	0.572359	0.566343	0.000189825
	281	0.560986	0.566324	0.000190104
	282	0.564871	0.566319	0.0001895
	283	0.569413	0.56633	0.000189145
	284	0.567234	0.566333	0.000188506
	285	0.567784	0.566338	0.000187914
	286	0.564211	0.566331	0.000187404
	287	0.565795	0.566329	0.00018676
	288	0.57189	0.566348	0.000187107
	289	0.562708	0.566336	0.000186883
	290	0.568681	0.566344	0.000186414
	291	0.566805	0.566345	0.00018578
	292	0.563975	0.566337	0.000185321
	293	0.569551	0.566348	0.000185013
	294	0.566405	0.566348	0.000184383
	295	0.561874	0.566333	0.000184381
	296	0.567352	0.566337	0.000183791
	297	0.566068	0.566336	0.000183174
	298	0.568133	0.566342	0.000182659
	299	0.565827	0.56634	0.000182056
	300	0.564652	0.566334	0.000181536
	301	0.566138	0.566334	0.000180934
	302	0.562183	0.56632	0.000180856
	303	0.566651	0.566321	0.000180263
	304	0.568628	0.566329	0.000179829
	305	0.564749	0.566324	0.000179314
	306	0.568757	0.566332	0.000178904
	307	0.564906	0.566327	0.000178382
	308	0.567729	0.566331	0.000177861
	309	0.565822	0.56633	0.000177293
	310	0.564966	0.566325	0.000176776
	311	0.570828	0.56634	0.000176799
	312	0.561642	0.566325	0.000176872
	313	0.56601	0.566324	0.00017631
	314	0.568123	0.56633	0.000175842
	315	0.564735	0.566324	0.000175356
	316	0.56397	0.566317	0.00017496
	317	0.568016	0.566322	0.00017449
	318	0.565645	0.56632	0.000173954
	319	0.570942	0.566335	0.000174011
	320	0.563535	0.566326	0.000173687
	321	0.567156	0.566329	0.000173165
	322	0.565597	0.566326	0.000172643
	323	0.569295	0.566336	0.000172353
	324	0.567449	0.566339	0.000171855
	325	0.563894	0.566331	0.000171491
	326	0.570393	0.566344	0.000171417
	327	0.564595	0.566339	0.000170976
	328	0.569913	0.566349	0.000170801
	329	0.565571	0.566347	0.000170299
	330	0.564305	0.566341	0.000169895
	331	0.565809	0.566339	0.000169389
	332	0.568977	0.566347	0.000169065
	333	0.564016	0.56634	0.000168702
	334	0.561655	0.566326	0.00016878
	335	0.570414	0.566338	0.000168716
	336	0.566003	0.566337	0.000168217
	337	0.566981	0.566339	0.000167729
	338	0.564855	0.566335	0.00016729
	339	0.565591	0.566333	0.000166811
	340	0.569148	0.566341	0.000166526
	341	0.562197	0.566329	0.00016648
	342	0.568647	0.566336	0.000166131
	343	0.563698	0.566328	0.000165825
	344	0.566484	0.566328	0.000165343
	345	0.560462	0.566311	0.000165736
	346	0.570888	0.566325	0.000165784
	347	0.570489	0.566337	0.00016574
	348	0.566384	0.566337	0.000165264
	349	0.568587	0.566343	0.000164916
	350	0.564544	0.566338	0.000164525
	351	0.567123	0.56634	0.000164072
	352	0.571368	0.566355	0.000164226
	353	0.562049	0.566342	0.000164213
	354	0.56554	0.56634	0.000163765
	355	0.564355	0.566335	0.000163399
	356	0.566634	0.566335	0.000162942
	357	0.565899	0.566334	0.00016249
	358	0.563556	0.566326	0.000162222
	359	0.572525	0.566344	0.000162686
	360	0.568872	0.566351	0.000162386
	361	0.565606	0.566349	0.000161949
	362	0.567523	0.566352	0.000161534
	363	0.567249	0.566354	0.000161108
	364	0.564878	0.56635	0.000160716
	365	0.564709	0.566346	0.000160339
	366	0.566796	0.566347	0.000159906
	367	0.567544	0.56635	0.000159503
	368	0.56896	0.566357	0.000159227
	369	0.567283	0.56636	0.000158815
	370	0.558009	0.566337	0.000159982
	371	0.568352	0.566343	0.000159643
	372	0.567002	0.566344	0.000159224
	373	0.56615	0.566344	0.000158798
	374	0.569585	0.566353	0.000158609
	375	0.563012	0.566344	0.000158436
	376	0.572399	0.56636	0.000158831
	377	0.56394	0.566353	0.00015854
	378	0.565027	0.56635	0.000158159
	379	0.569697	0.566359	0.000157988
	380	0.562551	0.566349	0.00015789
	381	0.565698	0.566347	0.000157485
	382	0.568623	0.566353	0.000157185
	383	0.564828	0.566349	0.000156825
	384	0.566887	0.56635	0.000156423
	385	0.569579	0.566359	0.000156241
	386	0.565707	0.566357	0.000155846
	387	0.566038	0.566356	0.000155445
	388	0.561029	0.566343	0.00015565
	389	0.57572	0.566367	0.000157105
	390	0.559206	0.566348	0.000157772
	391	0.574703	0.56637	0.000158808
	392	0.560697	0.566355	0.000159061
	393	0.569724	0.566364	0.000158887
	394	0.564071	0.566358	0.000158591
	395	0.567515	0.566361	0.000158216
	396	0.566123	0.56636	0.000157818
	397	0.563973	0.566354	0.000157535
	398	0.569565	0.566362	0.000157345
	399	0.56503	0.566359	0.000156986
	400	0.566587	0.56636	0.000156595
	401	0.569161	0.566367	0.00015636
	402	0.565849	0.566365	0.000155977
	403	0.56621	0.566365	0.00015559
	404	0.565468	0.566363	0.000155221
	405	0.565728	0.566361	0.000154845
	406	0.567807	0.566365	0.000154505
	407	0.558993	0.566347	0.000155183
	408	0.571123	0.566358	0.000155244
	409	0.566535	0.566359	0.000154865
	410	0.569132	0.566365	0.000154635
	411	0.567511	0.566368	0.000154284
	412	0.567369	0.566371	0.000153929
	413	0.57133	0.566383	0.000154024
	414	0.563412	0.566375	0.000153819
	415	0.567437	0.566378	0.000153469
	416	0.569528	0.566386	0.000153287
	417	0.563642	0.566379	0.00015306
	418	0.565747	0.566378	0.000152702
	419	0.569197	0.566384	0.000152485
	420	0.567376	0.566387	0.000152141
	421	0.566972	0.566388	0.000151786
	422	0.566359	0.566388	0.000151426
	423	0.570753	0.566398	0.000151419
	424	0.563181	0.566391	0.000151252
	425	0.570689	0.566401	0.000151234
	426	0.566987	0.566402	0.000150885
	427	0.562702	0.566393	0.00015078
	428	0.568204	0.566398	0.000150487
	429	0.569718	0.566405	0.000150336
	430	0.56573	0.566404	0.000149994
	431	0.569658	0.566411	0.000149836
	432	0.565873	0.56641	0.000149494
	433	0.567406	0.566412	0.000149167
	434	0.570051	0.566421	0.000149058
	435	0.565656	0.566419	0.000148726
	436	0.567384	0.566421	0.000148402
	437	0.564367	0.566417	0.000148136
	438	0.56227	0.566407	0.0001481
	439	0.565639	0.566405	0.000147773
	440	0.569409	0.566412	0.000147595
	441	0.564955	0.566409	0.000147297
	442	0.562601	0.5664	0.000147216
	443	0.572183	0.566413	0.000147461
	444	0.565595	0.566412	0.000147141
	445	0.572412	0.566425	0.000147426
	446	0.562483	0.566416	0.000147361
	447	0.563763	0.56641	0.00014715
	448	0.570892	0.56642	0.000147162
	449	0.562025	0.56641	0.000147159
	450	0.569992	0.566418	0.000147047
	451	0.56752	0.566421	0.000146741
	452	0.562843	0.566413	0.00014663
	453	0.563659	0.566407	0.000146432
	454	0.568106	0.566411	0.000146158
	455	0.567913	0.566414	0.000145874
	456	0.568018	0.566417	0.000145596
	457	0.564372	0.566413	0.000145347
	458	0.569066	0.566419	0.000145145
	459	0.560341	0.566405	0.000145431
	460	0.568808	0.566411	0.000145209
	461	0.562103	0.566401	0.000145194
	462	0.567122	0.566403	0.000144888
	463	0.565816	0.566402	0.000144581
	464	0.564325	0.566397	0.000144338
	465	0.569698	0.566404	0.000144202
	466	0.564272	0.5664	0.000143965
	467	0.566489	0.5664	0.000143657
	468	0.567675	0.566403	0.000143376
	469	0.568832	0.566408	0.000143164
	470	0.568835	0.566413	0.000142953
	471	0.563873	0.566408	0.000142751
	472	0.569255	0.566414	0.000142576
	473	0.558626	0.566397	0.000143222
	474	0.562419	0.566389	0.000143165
	475	0.573624	0.566404	0.000143672
	476	0.563946	0.566399	0.000143463
	477	0.564998	0.566396	0.000143192
	478	0.570907	0.566405	0.000143203
	479	0.565888	0.566404	0.000142908
	480	0.57059	0.566413	0.000142876
	481	0.565887	0.566412	0.000142583
	482	0.56717	0.566413	0.000142296
	483	0.564748	0.56641	0.000142043
	484	0.565299	0.566408	0.000141769
	485	0.568717	0.566412	0.000141556
	486	0.566797	0.566413	0.000141267
	487	0.563872	0.566408	0.000141073
	488	0.572986	0.566422	0.000141427
	489	0.559982	0.566408	0.000141749
	490	0.571442	0.566419	0.000141832
	491	0.564293	0.566414	0.000141609
	492	0.565582	0.566413	0.000141331
	493	0.5671	0.566414	0.000141051
	494	0.566521	0.566414	0.000140766
	495	0.563914	0.566409	0.000140572
	496	0.572669	0.566422	0.000140854
	497	0.568916	0.566427	0.00014066
	498	0.56481	0.566424	0.000140415
	499	0.571432	0.566434	0.000140492
	500	0.559036	0.566419	0.000140988
	501	0.566687	0.566419	0.000140708
	502	0.562212	0.566411	0.000140677
	503	0.571315	0.566421	0.000140734
	504	0.56041	0.566409	0.00014096
	505	0.566923	0.56641	0.000140684
	506	0.563669	0.566404	0.00014051
	507	0.562477	0.566397	0.000140447
	508	0.566672	0.566397	0.000140171
	509	0.567598	0.5664	0.000139916
	510	0.567776	0.566402	0.000139667
	511	0.570542	0.56641	0.000139629
	512	0.571989	0.566421	0.00013978
	513	0.567995	0.566424	0.000139542
	514	0.561384	0.566414	0.000139614
	515	0.565273	0.566412	0.000139361
	516	0.569768	0.566419	0.000139242
	517	0.564595	0.566415	0.000139018
	518	0.569297	0.566421	0.000138861
	519	0.563801	0.566416	0.000138685
	520	0.569518	0.566422	0.000138546
	521	0.565866	0.566421	0.000138285
	522	0.564966	0.566418	0.000138048
	523	0.571983	0.566429	0.000138193
	524	0.557108	0.566411	0.00013907
	525	0.569362	0.566416	0.000138918
	526	0.565818	0.566415	0.000138659
	527	0.566021	0.566414	0.000138398
	528	0.569904	0.566421	0.000138293
	529	0.558348	0.566406	0.000138871
	530	0.570458	0.566413	0.00013882
	531	0.560626	0.566403	0.000138985
	532	0.574098	0.566417	0.000139475
	533	0.55853	0.566402	0.000139996
	534	0.573023	0.566415	0.000140282
	535	0.564369	0.566411	0.000140072
	536	0.564573	0.566407	0.000139852
	537	0.561458	0.566398	0.000139895
	538	0.567362	0.5664	0.000139647
	539	0.569361	0.566405	0.000139496
	540	0.566737	0.566406	0.000139239
	541	0.56707	0.566407	0.000138987
	542	0.566866	0.566408	0.000138733
	543	0.568223	0.566411	0.000138518
	544	0.566208	0.566411	0.000138264
	545	0.568109	0.566414	0.000138045
	546	0.559053	0.566401	0.000138449
	547	0.566453	0.566401	0.000138196
	548	0.567743	0.566403	0.000137965
	549	0.566888	0.566404	0.000137717
	550	0.566953	0.566405	0.00013747
	551	0.562326	0.566398	0.00013742
	552	0.566511	0.566398	0.000137171
	553	0.565839	0.566397	0.000136927
	554	0.563855	0.566392	0.000136756
	555	0.567643	0.566395	0.000136529
	556	0.564033	0.56639	0.000136349
	557	0.570891	0.566398	0.000136344
	558	0.561314	0.566389	0.000136403
	559	0.561231	0.56638	0.000136471
	560	0.572908	0.566392	0.000136724
	561	0.567853	0.566394	0.000136506
	562	0.565731	0.566393	0.000136268
	563	0.564351	0.56639	0.000136074
	564	0.572127	0.5664	0.000136212
	565	0.55869	0.566386	0.000136653
	566	0.569046	0.566391	0.000136492
	567	0.565091	0.566388	0.000136271
	568	0.564667	0.566385	0.000136065
	569	0.568843	0.56639	0.000135894
	570	0.566044	0.566389	0.000135657
	571	0.563175	0.566384	0.000135536
	572	0.565784	0.566382	0.000135303
	573	0.568002	0.566385	0.000135097
	574	0.567064	0.566386	0.000134866
	575	0.568495	0.56639	0.000134682
	576	0.568434	0.566394	0.000134495
	577	0.571176	0.566402	0.000134517
	578	0.565972	0.566401	0.000134286
	579	0.562952	0.566395	0.000134186
	580	0.564793	0.566393	0.000133983
	581	0.567156	0.566394	0.000133759
	582	0.563032	0.566388	0.000133654
	583	0.568267	0.566391	0.000133464
	584	0.561389	0.566383	0.00013351
	585	0.566284	0.566383	0.000133281
	586	0.573094	0.566394	0.000133545
	587	0.565358	0.566392	0.000133329
	588	0.564687	0.566389	0.000133134
	589	0.573743	0.566402	0.000133492
	590	0.556452	0.566385	0.000134327
	591	0.567215	0.566386	0.000134107
	592	0.564141	0.566383	0.000133934
	593	0.567536	0.566385	0.000133722
	594	0.566193	0.566384	0.000133498
	595	0.564057	0.56638	0.000133331
	596	0.568791	0.566384	0.000133168
	597	0.56835	0.566388	0.000132986
	598	0.563079	0.566382	0.000132879
	599	0.564807	0.566379	0.000132683
	600	0.569415	0.566385	0.000132558
