-1.84927	0.0890516	0.283644
1.71275	-0.910212	-0.21706
-0.504737	-1.14162	-0.375136
1.17802	1.39064	2.41408
0.118524	0.390133	-0.20885
-1.68774	0.209633	0.0347206
0.782332	-2.06036	0.17645
-1.41262	-1.55968	-0.206876
0.0383815	-0.279671	0.904086
-2.65393	-1.22071	-2.07194
-0.875297	1.43825	0.897093
-0.178412	1.74167	-0.50106
-1.15569	0.576178	-0.486763
2.01843	-2.18851	0.261581
0.378313	-0.462039	-0.297301
-0.888129	-0.210542	0.0860321
1.20688	1.50098	-0.201735
0.960629	0.799931	0.458981
0.0749419	0.0262392	-0.874329
0.696308	-0.352288	-1.16014
-1.14517	-0.362001	-2.63769
3.03754	0.100361	1.045
0.828182	-0.626587	-0.440087
0.367005	1.28351	-1.57122
-1.11334	-0.179991	-1.10953
0.756883	0.0884538	-1.87219
-1.23203	-0.29326	-0.787972
1.46149	-0.280863	2.08847
-1.22066	-1.81445	0.178287
-1.7626	-0.645136	-0.612629
-1.28934	-0.475459	-2.49626
0.920935	1.07111	0.486524
-1.09396	0.603122	1.96933
-0.318493	2.12389	0.426233
0.579737	1.27261	0.0882474
0.715847	-0.485639	0.290777
0.630268	1.7577	-0.686202
-0.535863	0.741558	2.31252
1.68896	-0.226283	-1.05192
0.705188	0.486964	-0.0778352
-0.214874	1.97367	0.375292
0.356671	-0.63058	1.55232
2.50549	0.326233	0.00283842
-0.186553	1.40864	0.384455
-0.176149	0.556191	-0.925475
1.35465	-0.475108	-0.230646
1.35344	-0.883511	0.947615
0.031988	1.91503	0.102589
0.147931	0.367325	-0.164213
0.712817	-0.0866458	1.43406
-1.93983	0.0204722	0.894209
-0.127941	1.03563	0.15028
1.41561	0.117832	1.22129
0.222049	1.17655	1.74109
-0.978978	0.151527	-0.559401
-0.264283	-0.691759	-0.143629
-1.10176	-0.336576	0.0192198
-0.433488	-0.27104	1.03888
-0.0621585	0.024531	-1.36066
-0.140984	-1.18813	-0.585441
0.165088	0.848382	-0.883214
-3.45418	-0.429086	-2.02958
0.0288542	-0.354309	0.536068
-0.823617	-0.0641818	1.56803
0.313851	-1.10256	0.120302
0.266068	-1.54507	-0.0870676
-0.522864	0.00463799	-0.564331
-1.68414	-0.227401	0.760665
1.07392	-3.05083	0.822777
1.48584	-1.27906	-1.34023
1.05626	-1.67101	0.978517
0.174531	1.10143	-1.20302
0.112623	1.41173	-0.513458
-0.622792	-0.149829	-2.38829
0.0191421	-1.20884	1.23492
0.0144286	0.0460161	0.0922084
1.71316	0.461923	0.607675
0.951926	0.991201	0.211204
0.337791	0.337567	-0.890555
-0.853652	-0.0917019	-0.169783
-0.0196893	-0.302724	-0.0495597
1.06736	-0.407525	0.481387
0.410485	0.113982	2.07697
-0.297324	-0.0807001	-0.593364
-2.15704	-1.11306	0.120648
0.968235	0.134629	1.06277
-0.378985	0.0839942	1.51455
0.88921	-0.230737	0.58737
0.279489	0.952637	0.00820952
-2.69707	-0.338366	0.387924
-0.122164	1.75334	-0.773773
2.17132	-1.58465	-2.3346
1.19559	1.50763	3.60293
-0.0557882	-0.0201822	0.815786
0.479703	1.23222	-0.0261296
-0.515015	-0.322206	-1.95227
0.614913	0.331508	-0.0607588
0.116547	0.47576	-0.603797
-0.999733	0.158742	-0.259014
0.494763	-2.88337	0.0398771
-2.42875	1.89308	-1.06063
-1.27779	-1.0701	0.711852
-0.60975	-0.947654	0.1453
0.515892	-0.118185	-0.27174
-0.489987	-1.76585	0.272448
-0.193393	1.31331	0.668468
1.36709	0.86318	-1.6581
-0.494235	-0.084667	-0.0675923
