BLOCK	ACTUAL_V	V_AVE	ERROR
1	6.18785	6.18785	0
2	4.47272	5.33029	0.60639
3	7.60059	6.08705	0.738393
4	4.04934	5.57763	0.708044
5	5.05734	5.47357	0.574031
6	3.88526	5.20885	0.535933
7	6.27223	5.36076	0.480418
8	5.42269	5.3685	0.420429
9	4.71949	5.29639	0.379848
10	5.55143	5.32189	0.342719
11	5.70862	5.35705	0.31336
12	7.38388	5.52595	0.329639
13	4.22358	5.42577	0.319142
14	6.74058	5.51969	0.309857
15	6.80242	5.6052	0.300769
16	5.659	5.60856	0.28199
17	4.24564	5.52839	0.276564
18	5.44842	5.52395	0.261235
19	4.67374	5.4792	0.251289
20	4.14369	5.41243	0.247438
21	4.3555	5.3621	0.240719
22	5.08215	5.34937	0.230114
23	8.78132	5.49859	0.264093
24	4.95161	5.4758	0.25407
25	4.28362	5.42811	0.248342
26	3.18356	5.34178	0.253352
27	3.83615	5.28602	0.25003
28	4.90841	5.27253	0.241464
29	5.79118	5.29041	0.233799
30	4.97087	5.27976	0.226248
31	5.11257	5.27437	0.219014
32	4.37427	5.24624	0.213968
33	5.91419	5.26648	0.20844
34	3.93989	5.22747	0.205929
35	3.62628	5.18172	0.205064
36	4.93481	5.17486	0.199482
37	5.04439	5.17133	0.194122
38	4.15569	5.14461	0.190844
39	5.55169	5.15504	0.186236
40	4.59218	5.14097	0.182111
41	6.93163	5.18465	0.182831
42	4.75392	5.17439	0.178766
43	4.24226	5.15271	0.175918
44	4.53879	5.13876	0.172472
45	4.76982	5.13056	0.168834
46	3.55513	5.09631	0.168602
47	4.15105	5.0762	0.16621
48	4.84591	5.0714	0.162816
49	3.41534	5.03761	0.162963
50	5.02796	5.03741	0.159704
51	5.89427	5.05421	0.157454
52	4.99843	5.05314	0.15443
53	4.00494	5.03336	0.152777
54	7.27916	5.07495	0.155506
55	5.45843	5.08193	0.152835
56	4.86472	5.07805	0.150155
57	4.15586	5.06187	0.148389
58	5.36647	5.06712	0.145924
59	4.06601	5.05015	0.144434
60	4.20049	5.03599	0.142719
61	4.82494	5.03253	0.140421
62	4.12055	5.01782	0.138925
63	4.57236	5.01075	0.136899
64	5.56164	5.01936	0.135031
65	4.66411	5.01389	0.133064
66	4.36204	5.00402	0.131414
67	4.09987	4.99052	0.130143
68	4.41454	4.98205	0.128505
69	4.45925	4.97448	0.126866
70	4.95157	4.97415	0.125054
71	4.17046	4.96283	0.123804
72	3.87464	4.94771	0.123003
73	5.2388	4.9517	0.121383
74	6.14868	4.96788	0.120815
75	3.68811	4.95081	0.120403
76	4.65631	4.94694	0.118882
77	5.06792	4.94851	0.117348
78	4.99587	4.94912	0.115845
79	7.20924	4.97773	0.117858
80	6.80286	5.00054	0.118573
81	5.51855	5.00694	0.117281
82	5.49142	5.01284	0.116
83	4.70097	5.00909	0.114663
84	4.2838	5.00045	0.113623
85	4.42568	4.99369	0.112487
86	5.74197	5.00239	0.111515
87	4.60459	4.99782	0.110327
88	5.66404	5.00539	0.109333
89	5.74326	5.01368	0.108418
90	4.85631	5.01193	0.107227
91	5.21433	5.01416	0.106072
92	5.27098	5.01695	0.104956
93	5.00286	5.0168	0.103828
94	5.33853	5.02022	0.102779
95	5.07307	5.02077	0.101699
96	5.54159	5.0262	0.100784
97	6.7762	5.04424	0.101347
98	4.4164	5.03783	0.100515
99	4.62514	5.03367	0.0995863
100	6.16059	5.04494	0.099226
101	4.70829	5.0416	0.0982996
102	6.88113	5.05964	0.0989764
103	6.64139	5.07499	0.0991996
104	3.9595	5.06427	0.098824
105	6.04943	5.07365	0.0983272
106	5.83198	5.0808	0.0976595
107	4.21673	5.07273	0.0970801
108	3.87911	5.06168	0.0968082
109	3.70061	5.04919	0.096722
110	4.94967	5.04829	0.095847
111	5.59763	5.05323	0.0951112
112	4.52122	5.04848	0.0943805
113	3.79685	5.03741	0.094193
114	5.43988	5.04094	0.0934329
115	3.83037	5.03041	0.0932116
116	3.92485	5.02088	0.092894
117	3.88871	5.0112	0.0926027
118	4.12515	5.0037	0.0921218
119	5.73043	5.0098	0.0915499
120	4.41339	5.00483	0.0909218
121	5.52691	5.00915	0.0902727
122	5.56169	5.01368	0.0896463
123	4.52311	5.00969	0.0890061
124	3.90884	5.00081	0.08873
125	3.99299	4.99275	0.0883857
126	4.75587	4.99087	0.0877042
127	3.25592	4.97721	0.0880711
128	5.08607	4.97806	0.0873872
129	4.98741	4.97813	0.0867098
130	4.48858	4.97436	0.0861245
131	3.33241	4.96183	0.0863743
132	4.77143	4.96039	0.085732
133	5.81076	4.96678	0.0853255
134	4.39846	4.96254	0.0847941
135	6.02301	4.97039	0.0845291
136	5.4304	4.97378	0.0839752
137	4.81608	4.97263	0.0833701
138	5.95086	4.97971	0.0830668
139	5.25575	4.9817	0.0824929
140	4.70898	4.97975	0.0819267
141	6.13728	4.98796	0.0817559
142	5.05128	4.98841	0.0811814
143	4.57802	4.98554	0.0806644
144	4.05052	4.97904	0.0803651
145	4.85795	4.97821	0.0798152
146	6.608	4.98937	0.0800454
147	4.96179	4.98919	0.0795011
148	4.29431	4.98449	0.0791024
149	4.95707	4.98431	0.0785717
150	4.32926	4.97994	0.0781692
151	4.28112	4.97531	0.0777884
152	4.97355	4.9753	0.0772766
153	6.14972	4.98298	0.0771518
154	5.55782	4.98671	0.0767411
155	3.75238	4.97874	0.0766581
156	4.48826	4.9756	0.0762311
157	5.73492	4.98044	0.0758988
158	3.8135	4.97305	0.075777
159	5.77746	4.97811	0.0754691
160	4.57119	4.97557	0.0750402
161	5.04959	4.97603	0.0745756
162	4.55648	4.97344	0.0741602
163	4.27511	4.96915	0.0738288
164	4.045	4.96352	0.0735934
165	5.16199	4.96472	0.0731572
166	4.00354	4.95893	0.0729453
167	5.43183	4.96176	0.0725634
168	5.34743	4.96406	0.0721678
169	6.1663	4.97117	0.0720905
170	5.74172	4.9757	0.0718088
171	4.28202	4.97165	0.0715034
172	4.79501	4.97062	0.0710951
173	5.02432	4.97093	0.0706848
174	5.12006	4.97179	0.0702837
175	5.07762	4.97239	0.0698847
176	5.58365	4.97587	0.0695739
177	6.02519	4.98179	0.0694329
178	4.76596	4.98058	0.0690534
179	5.21338	4.98188	0.0686799
180	4.43722	4.97886	0.068365
181	3.89015	4.97284	0.0682514
182	5.17539	4.97395	0.0678854
183	6.48293	4.9822	0.0680134
184	4.81107	4.98127	0.0676502
185	4.03614	4.97616	0.0674771
186	7.42261	4.98931	0.0683842
187	5.03885	4.98958	0.0680191
188	3.6628	4.98252	0.0680224
189	5.10462	4.98317	0.0676655
190	6.37031	4.99047	0.0677021
191	3.8517	4.98451	0.0676097
192	4.17344	4.98028	0.0673894
193	4.4895	4.97774	0.0670882
194	4.1993	4.97373	0.0668622
195	6.59684	4.98205	0.0670355
196	4.61875	4.9802	0.0667191
197	5.13949	4.98101	0.0663853
198	5.6406	4.98434	0.0661335
199	5.54274	4.98714	0.0658607
200	4.17274	4.98307	0.0656572
201	4.15027	4.97893	0.0654611
202	3.66065	4.9724	0.0654616
203	5.05649	4.97282	0.0651404
204	4.01873	4.96814	0.0649888
205	6.22926	4.97429	0.0649623
206	4.66252	4.97278	0.0646645
207	5.13009	4.97354	0.0643566
208	4.72724	4.97235	0.0640581
209	4.58617	4.97051	0.0637782
210	6.01662	4.97549	0.0636688
211	4.10366	4.97135	0.063501
212	8.38502	4.98746	0.065211
213	3.0761	4.97848	0.0655194
214	3.23361	4.97033	0.0657186
215	3.91243	4.96541	0.0655969
216	5.87534	4.96962	0.0654283
217	4.66939	4.96824	0.0651414
218	5.93715	4.97268	0.0649941
219	4.74707	4.97165	0.0647054
220	4.89648	4.97131	0.0644122
221	5.20048	4.97235	0.0641291
222	4.21047	4.96892	0.063932
223	4.85735	4.96842	0.0636473
224	5.7164	4.97176	0.0634507
225	5.10023	4.97233	0.0631712
226	7.06575	4.98159	0.0635672
227	5.60347	4.98433	0.0633462
228	4.12136	4.98054	0.0631813
229	4.13599	4.97686	0.063013
230	5.51031	4.97918	0.0627817
231	3.65066	4.97342	0.0627728
232	5.87088	4.97729	0.0626213
233	4.50024	4.97524	0.062386
234	6.45687	4.98158	0.0624398
235	7.4891	4.99225	0.0630793
236	4.07701	4.98837	0.0629311
237	4.28903	4.98542	0.0627347
238	6.40341	4.99138	0.0627534
239	4.62248	4.98983	0.0625098
240	5.57793	4.99228	0.0622974
241	6.50796	4.99857	0.0623555
242	4.36503	4.99595	0.0621528
243	5.0783	4.99629	0.0618979
244	3.78296	4.99132	0.0618437
245	6.06928	4.99572	0.0617476
246	5.66167	4.99843	0.0615559
247	4.97528	4.99833	0.0613067
248	3.26562	4.99135	0.0614563
249	4.60987	4.98981	0.0612286
250	4.2091	4.98669	0.0610633
251	4.74283	4.98572	0.0608277
252	4.71311	4.98464	0.060596
253	5.06126	4.98494	0.0603572
254	5.41766	4.98664	0.0601436
255	6.78169	4.99368	0.0603183
256	5.06572	4.99397	0.0600834
257	5.2116	4.99481	0.0598555
258	4.57742	4.99319	0.0596454
259	5.65049	4.99573	0.0594691
260	5.78667	4.99877	0.0593181
261	3.94948	4.99475	0.0592269
262	4.40135	4.99249	0.0590442
263	5.35618	4.99387	0.0588358
264	4.13597	4.99062	0.0587027
265	6.9366	4.99797	0.0589386
266	6.96745	5.00537	0.0591803
267	4.34201	5.00289	0.0590108
268	5.1475	5.00343	0.0587931
269	4.31601	5.00087	0.05863
270	5.8696	5.00409	0.0585011
271	4.1755	5.00103	0.0583651
272	4.88519	5.0006	0.058152
273	5.62645	5.0029	0.0579842
274	5.49108	5.00468	0.0577999
275	4.65422	5.0034	0.0576038
276	3.74	4.99883	0.0575767
277	4.47903	4.99695	0.0573994
278	4.36391	4.99467	0.0572381
279	3.54605	4.98948	0.0572679
280	4.97907	4.98944	0.0570634
281	3.58781	4.98446	0.0570779
282	3.67707	4.97982	0.0570635
283	4.814	4.97923	0.0568649
284	4.7929	4.97858	0.0566684
285	4.43917	4.97668	0.0565012
286	6.3054	4.98133	0.0564943
287	5.49547	4.98312	0.0563259
288	4.87757	4.98276	0.0561315
289	6.32383	4.9874	0.0561287
290	4.993	4.98741	0.0559352
291	4.89576	4.9871	0.0557439
292	4.81059	4.9865	0.0555562
293	4.90317	4.98621	0.0553674
294	6.02054	4.98973	0.0552907
295	5.52414	4.99154	0.0551329
296	5.52614	4.99335	0.0549763
297	6.7917	4.9994	0.0551236
298	4.6282	4.99816	0.0549527
299	4.96626	4.99805	0.054769
300	6.40855	5.00275	0.0547879
301	4.95842	5.0026	0.0546061
302	5.6949	5.0049	0.0544733
303	5.71931	5.00725	0.0543446
304	4.99802	5.00722	0.0541658
305	4.28565	5.00486	0.0540399
306	4.60205	5.00354	0.0538793
307	4.48351	5.00185	0.0537304
308	7.60564	5.0103	0.0542169
309	4.41203	5.00837	0.054076
310	4.68822	5.00733	0.0539115
311	4.99142	5.00728	0.0537381
312	5.6667	5.00939	0.0536074
313	4.30921	5.00716	0.0534828
314	3.98686	5.00391	0.0534111
315	3.88922	5.00037	0.0533587
316	4.14837	4.99767	0.0532579
317	5.01924	4.99774	0.0530899
318	4.94304	4.99757	0.0529232
319	5.18207	4.99815	0.0527605
320	3.72218	4.99416	0.0527461
321	5.85957	4.99686	0.0526506
322	4.5847	4.99558	0.0525027
323	5.50408	4.99715	0.0523637
324	5.75589	4.99949	0.0522544
325	6.03846	5.00269	0.0521913
326	5.01836	5.00274	0.0520313
327	6.23952	5.00652	0.0520094
328	5.76446	5.00883	0.0519022
329	5.33075	5.00981	0.0517536
330	4.54259	5.00839	0.0516162
331	5.46096	5.00976	0.0514783
332	5.46216	5.01112	0.0513413
333	4.30576	5.009	0.0512308
334	5.55105	5.01063	0.0511031
335	7.03205	5.01666	0.0513056
336	6.25336	5.02034	0.0512848
337	4.32269	5.01827	0.0511743
338	5.12479	5.01859	0.0510239
339	6.35043	5.02252	0.0510244
340	4.08549	5.01976	0.0509487
341	4.19404	5.01734	0.0508568
342	4.80149	5.01671	0.050712
343	4.74334	5.01591	0.0505704
344	6.92037	5.02145	0.0507256
345	5.68623	5.02337	0.0506151
346	7.3642	5.03014	0.050919
347	5.35856	5.03109	0.050781
348	4.6547	5.03	0.0506466
349	3.74866	5.02633	0.0506344
350	4.48112	5.02477	0.0505137
351	5.53307	5.02622	0.0503905
352	4.24178	5.02399	0.0502966
353	4.03621	5.0212	0.0502319
354	6.14412	5.02437	0.0501901
355	5.36893	5.02534	0.0500581
356	4.82065	5.02476	0.0499208
357	4.14172	5.02229	0.0498422
358	4.59659	5.0211	0.0497172
359	5.5625	5.02261	0.0496015
360	4.23795	5.02043	0.0495116
361	7.56325	5.02747	0.049873
362	5.36514	5.02841	0.0497439
363	3.85574	5.02518	0.0497117
364	3.73036	5.02162	0.0497022
365	5.68773	5.02344	0.0495996
366	5.30695	5.02422	0.0494701
367	4.33878	5.02235	0.0493705
368	4.78953	5.02172	0.0492404
369	6.60373	5.02601	0.0492933
370	5.90333	5.02838	0.049217
371	3.73898	5.0249	0.0492069
372	7.43402	5.03138	0.049499
373	4.57954	5.03017	0.0493811
374	3.42042	5.02586	0.0494363
375	6.5162	5.02984	0.049464
376	4.35388	5.02804	0.0493651
377	4.89972	5.0277	0.0492353
378	4.88216	5.02731	0.0491065
379	5.82847	5.02943	0.0490225
380	4.12231	5.02704	0.0489515
381	4.79408	5.02643	0.0488269
382	5.30086	5.02715	0.0487043
383	5.03763	5.02717	0.0485772
384	4.50723	5.02582	0.0484695
385	4.68673	5.02494	0.0483517
386	3.37206	5.02066	0.0484156
387	6.04481	5.0233	0.0483628
388	4.78797	5.0227	0.048242
389	5.3876	5.02363	0.0481271
390	6.97425	5.02864	0.0482628
391	6.33271	5.03197	0.0482545
392	6.97879	5.03694	0.0483863
393	3.50214	5.03303	0.0484205
394	7.25413	5.03867	0.0486247
395	4.90032	5.03832	0.0485029
396	5.83894	5.04034	0.0484225
397	4.29027	5.03845	0.0483374
398	4.62283	5.03741	0.0482272
399	5.05913	5.03746	0.0481064
400	4.50628	5.03613	0.0480044
401	4.81153	5.03557	0.047888
402	5.25437	5.03612	0.0477719
403	3.403	5.03207	0.047825
404	6.61049	5.03597	0.0478659
405	5.41486	5.03691	0.0477569
406	6.22768	5.03984	0.0477292
407	4.33766	5.03812	0.0476431
408	8.78969	5.04731	0.0484055
409	5.27202	5.04786	0.0482903
410	4.21986	5.04584	0.0482147
411	5.63679	5.04728	0.0481188
412	5.06377	5.04732	0.0480021
413	6.52186	5.05089	0.0480184
414	4.6231	5.04986	0.0479136
415	5.1626	5.05013	0.0477989
416	5.19141	5.05047	0.0476852
417	5.11331	5.05062	0.0475711
418	5.22675	5.05104	0.0474591
419	4.35744	5.04938	0.0473747
420	6.30233	5.05237	0.0473558
421	4.81572	5.05181	0.0472466
422	5.941	5.05391	0.0471816
423	6.19069	5.0566	0.0471465
424	4.68038	5.05571	0.0470437
425	4.71652	5.05491	0.0469398
426	3.93147	5.05228	0.0469036
427	4.29951	5.05051	0.0468269
428	4.05271	5.04818	0.0467755
429	5.4274	5.04907	0.0466748
430	6.38627	5.05218	0.0466697
431	4.33649	5.05052	0.046591
432	4.47422	5.04918	0.0465022
433	3.43114	5.04545	0.0465447
434	4.1951	5.04349	0.0464787
435	4.84704	5.04303	0.0463741
436	4.05119	5.04076	0.0463235
437	5.54548	5.04191	0.0462318
438	6.02125	5.04415	0.0461803
439	4.16135	5.04214	0.0461189
440	5.31002	5.04275	0.0460181
441	4.86899	5.04235	0.0459154
442	3.27018	5.03834	0.0459863
443	4.9204	5.03808	0.0458832
444	5.27372	5.03861	0.045783
445	4.62882	5.03769	0.0456894
446	4.54585	5.03659	0.0456002
447	4.83559	5.03614	0.0455004
448	4.20683	5.03428	0.0454365
449	5.31375	5.03491	0.0453396
450	4.2059	5.03307	0.0452762
451	4.39085	5.03164	0.0451982
452	3.68877	5.02867	0.0451958
453	5.68838	5.03013	0.0451194
454	4.11643	5.02811	0.0450649
455	4.00098	5.02586	0.0450224
456	5.40625	5.02669	0.0449314
457	4.99935	5.02663	0.0448331
458	6.96562	5.03086	0.0449347
459	5.57722	5.03205	0.0448525
460	4.10335	5.03004	0.0448004
461	5.23843	5.03049	0.0447055
462	3.6782	5.02756	0.0447045
463	4.51474	5.02645	0.0446217
464	6.39734	5.02941	0.0446232
465	5.88851	5.03126	0.0445655
466	4.0783	5.02921	0.0445167
467	4.42524	5.02792	0.0444402
468	4.08572	5.0259	0.0443908
469	4.16972	5.02408	0.0443337
470	5.94331	5.02603	0.0442825
471	5.16557	5.02633	0.0441894
472	4.89554	5.02605	0.0440967
473	3.69583	5.02324	0.044093
474	4.49749	5.02213	0.044014
475	3.95086	5.01988	0.043979
476	4.29337	5.01835	0.0439131
477	6.12404	5.02067	0.0438822
478	5.39842	5.02146	0.0437975
479	4.88022	5.02116	0.0437071
480	3.99844	5.01903	0.0436679
481	5.54261	5.02012	0.0435907
482	4.60811	5.01927	0.0435086
483	4.75499	5.01872	0.043422
484	5.46009	5.01963	0.0433419
485	5.54701	5.02072	0.0432661
486	6.14996	5.02304	0.0432395
487	5.098	5.0232	0.0431509
488	4.94897	5.02304	0.0430628
489	5.12582	5.02325	0.0429752
490	4.66793	5.02253	0.0428937
491	5.19203	5.02287	0.0428077
492	5.1756	5.02318	0.0427218
493	6.02653	5.02522	0.0426836
494	4.22832	5.02361	0.0426277
495	7.30543	5.02822	0.0427901
496	4.34523	5.02684	0.0427259
497	5.61384	5.02802	0.0426563
498	4.27042	5.0265	0.0425978
499	4.83303	5.02611	0.0425142
500	4.87565	5.02581	0.0424302
501	4.51354	5.02479	0.0423578
502	4.80021	5.02434	0.0422758
503	4.85546	5.02401	0.0421931
504	4.08521	5.02214	0.0421505
505	8.00117	5.02804	0.0424778
506	4.50941	5.02702	0.0424062
507	5.56194	5.02807	0.0423357
508	6.37024	5.03071	0.0423347
509	5.37999	5.0314	0.0422571
510	4.26679	5.0299	0.0422008
511	4.69376	5.02924	0.0421234
512	4.97408	5.02914	0.0420412
513	3.8636	5.02686	0.0420206
514	4.00734	5.02488	0.0419857
515	3.95698	5.02281	0.0419553
516	4.27044	5.02135	0.0418993
517	4.9084	5.02113	0.0418189
518	6.19746	5.0234	0.0417998
519	3.77638	5.021	0.0417882
520	5.62972	5.02217	0.0417242
521	4.76255	5.02167	0.0416471
522	4.68336	5.02102	0.0415724
523	4.49732	5.02002	0.041505
524	6.91277	5.02363	0.0415826
525	4.9988	5.02359	0.0415035
526	5.02608	5.02359	0.0414246
527	6.19553	5.02581	0.0414056
528	5.0028	5.02577	0.0413272
529	5.02328	5.02577	0.0412491
530	4.98812	5.02569	0.0411713
531	4.09837	5.02395	0.0411308
532	7.03762	5.02773	0.0412273
533	6.17007	5.02988	0.0412056
534	4.77182	5.02939	0.0411313
535	6.61989	5.03237	0.0411617
536	4.27869	5.03096	0.0411089
537	7.07069	5.03476	0.0412075
538	4.20056	5.03321	0.04116
539	3.65008	5.03064	0.0411636
540	4.88664	5.03038	0.0410882
541	8.43903	5.03668	0.0414925
542	4.56423	5.0358	0.0414251
543	5.81113	5.03723	0.0413734
544	4.34909	5.03597	0.0413167
545	5.50959	5.03684	0.0412501
546	3.69032	5.03437	0.0412482
547	4.60681	5.03359	0.0411802
548	6.17552	5.03567	0.0411577
549	4.37914	5.03448	0.0411001
550	4.70384	5.03387	0.0410298
551	4.49505	5.0329	0.040967
552	5.30461	5.03339	0.0408957
553	4.85457	5.03307	0.040823
554	4.24359	5.03164	0.0407742
555	4.20313	5.03015	0.0407281
556	5.70198	5.03136	0.0406727
557	4.21409	5.02989	0.0406262
558	3.56546	5.02726	0.040638
559	5.05181	5.02731	0.0405654
560	4.05916	5.02558	0.0405297
561	6.46674	5.02815	0.0405388
562	5.58986	5.02915	0.040479
563	7.12782	5.03288	0.0405784
564	5.18431	5.03314	0.0405073
565	6.15236	5.03513	0.040484
566	5.93184	5.03671	0.0404435
567	4.50077	5.03576	0.0403832
568	4.12586	5.03416	0.0403439
569	4.44147	5.03312	0.0402864
570	3.76466	5.0309	0.0402772
571	5.66067	5.032	0.0402217
572	4.48058	5.03103	0.040163
573	5.59076	5.03201	0.0401047
574	5.01113	5.03197	0.0400349
575	3.97262	5.03013	0.0400076
576	4.10639	5.02853	0.0399703
577	4.63392	5.02784	0.0399069
578	4.66375	5.02721	0.0398428
579	5.47964	5.028	0.0397817
580	5.55402	5.0289	0.0397234
581	5.38499	5.02952	0.0396598
582	4.00956	5.02776	0.0396303
583	5.06177	5.02782	0.0395624
584	4.49177	5.0269	0.0395053
585	4.71958	5.02638	0.0394413
586	3.82833	5.02433	0.0394269
587	4.30594	5.02311	0.0393787
588	4.9278	5.02295	0.0393121
589	4.81193	5.02259	0.039247
590	5.64376	5.02364	0.0391946
591	4.77496	5.02322	0.0391305
592	4.99377	5.02317	0.0390644
593	5.09306	5.02329	0.0389987
594	4.96135	5.02319	0.0389332
595	5.11099	5.02333	0.0388681
596	4.63887	5.02269	0.0388082
597	6.2125	5.02468	0.0387943
598	5.73554	5.02587	0.0387477
599	5.07296	5.02595	0.0386831
600	5.12132	5.02611	0.0386189
601	5.27356	5.02652	0.0385569
602	4.44324	5.02555	0.038505
603	3.88709	5.02366	0.0384874
604	5.74979	5.02486	0.0384424
605	3.55787	5.02244	0.0384553
606	4.25738	5.02118	0.0384126
607	4.2648	5.01993	0.0383695
608	4.0047	5.01826	0.0383427
609	5.06641	5.01834	0.0382798
610	4.6505	5.01774	0.0382218
611	7.29625	5.02147	0.0383407
612	4.26237	5.02023	0.0382982
613	6.78881	5.02311	0.0383442
614	4.21662	5.0218	0.0383042
615	4.10846	5.02031	0.0382707
616	4.14866	5.0189	0.0382348
617	5.11139	5.01905	0.0381731
618	4.1604	5.01766	0.0381366
619	4.84454	5.01738	0.038076
620	5.98991	5.01895	0.0380469
621	4.28595	5.01777	0.0380039
622	3.7276	5.01569	0.0379994
623	4.68407	5.01516	0.0379421
624	6.25158	5.01714	0.037933
625	6.13213	5.01893	0.0379143
626	4.19539	5.01761	0.0378765
627	4.0912	5.01613	0.0378449
628	6.79184	5.01896	0.0378901
629	5.86873	5.02031	0.037854
630	4.76736	5.01991	0.037796
631	4.42155	5.01896	0.037748
632	5.01371	5.01895	0.0376883
633	4.59072	5.01828	0.0376348
634	6.01752	5.01985	0.0376084
635	4.23881	5.01862	0.0375693
636	5.02001	5.01863	0.0375102
637	5.91018	5.02002	0.0374775
638	3.73962	5.01802	0.0374724
639	4.38843	5.01703	0.0374267
640	4.85361	5.01678	0.0373691
641	4.3178	5.01569	0.0373267
642	5.98153	5.01719	0.0372989
643	4.60421	5.01655	0.0372464
644	4.778	5.01618	0.0371904
645	7.25254	5.01965	0.037294
646	6.73409	5.0223	0.0373306
647	3.57604	5.02006	0.0373398
648	3.5107	5.01773	0.0373547
649	6.50378	5.02002	0.0373673
650	5.6341	5.02097	0.0373217
651	7.34742	5.02454	0.0374351
652	6.12571	5.02623	0.0374158
653	5.27099	5.02661	0.0373604
654	4.61033	5.02597	0.0373086
655	4.0335	5.02446	0.0372824
656	4.0384	5.02295	0.0372559
657	4.78716	5.02259	0.0372009
658	4.71782	5.02213	0.0371473
659	4.28519	5.02101	0.0371077
660	8.27412	5.02594	0.0373774
661	5.72891	5.027	0.037336
662	5.45239	5.02765	0.0372851
663	4.39554	5.02669	0.0372411
664	4.40477	5.02576	0.0371968
665	3.5899	5.0236	0.0372035
666	4.20267	5.02236	0.037168
667	4.62238	5.02177	0.0371171
668	3.9363	5.02014	0.0370971
669	4.37234	5.01917	0.0370543
670	4.34482	5.01817	0.0370127
671	4.19133	5.01693	0.036978
672	4.53815	5.01622	0.0369298
673	5.24898	5.01657	0.0368766
674	4.11886	5.01523	0.0368459
675	5.07965	5.01533	0.0367915
676	5.98506	5.01676	0.036765
677	5.15111	5.01696	0.0367112
678	5.13151	5.01713	0.0366575
679	4.85038	5.01689	0.0366043
680	5.63943	5.0178	0.0365619
681	5.4544	5.01844	0.0365138
682	4.67334	5.01794	0.0364638
683	4.50287	5.01718	0.0364182
684	5.13557	5.01736	0.0363654
685	5.63888	5.01826	0.0363236
686	4.53841	5.01756	0.0362774
687	4.36292	5.01661	0.0362371
688	3.59356	5.01454	0.0362434
689	4.71467	5.01411	0.0361934
690	5.33157	5.01457	0.0361439
691	4.16797	5.01334	0.0361123
692	4.7313	5.01293	0.0360625
693	5.95029	5.01429	0.0360358
694	5.44673	5.01491	0.0359892
695	4.79725	5.0146	0.0359388
696	7.97388	5.01885	0.0361378
697	4.21941	5.0177	0.0361042
698	4.17049	5.01649	0.0360728
699	4.62727	5.01593	0.0360255
700	4.72339	5.01551	0.0359765
701	5.22352	5.01581	0.0359264
702	3.73298	5.01398	0.0359217
703	5.08008	5.01408	0.0358707
704	4.50135	5.01335	0.0358271
705	3.83934	5.01168	0.035815
706	5.49744	5.01237	0.0357709
707	5.10335	5.0125	0.0357205
708	5.47032	5.01315	0.0356759
709	4.4667	5.01238	0.0356339
710	4.7731	5.01204	0.0355853
711	6.42925	5.01403	0.0355911
712	4.71277	5.01361	0.0355436
713	3.88465	5.01203	0.035529
714	4.7794	5.0117	0.0354807
715	5.58187	5.0125	0.03544
716	5.72574	5.01349	0.0354045
717	3.90107	5.01194	0.0353891
718	4.24868	5.01088	0.0353558
719	5.23427	5.01119	0.035308
720	4.48895	5.01046	0.0352664
721	3.88266	5.0089	0.0352522
722	4.71795	5.0085	0.0352057
723	4.87931	5.00832	0.0351574
724	4.07928	5.00704	0.0351323
725	5.81338	5.00815	0.0351014
726	4.64142	5.00764	0.0350567
727	5.28112	5.00802	0.0350105
728	5.06109	5.00809	0.0349625
729	4.12607	5.00688	0.0349354
730	4.65393	5.0064	0.0348909
731	6.60056	5.00858	0.0349113
732	7.21915	5.0116	0.034994
733	6.3138	5.01338	0.0349913
734	4.26572	5.01236	0.0349584
735	5.50638	5.01303	0.0349173
736	4.29453	5.01205	0.0348835
737	4.25024	5.01102	0.0348515
738	6.90256	5.01358	0.0348984
739	6.59459	5.01572	0.0349167
740	6.33958	5.01751	0.0349153
741	5.58508	5.01828	0.0348766
742	5.17217	5.01848	0.0348302
743	4.40592	5.01766	0.0347931
744	5.16724	5.01786	0.0347469
745	7.8787	5.0217	0.0349118
746	5.6878	5.02259	0.0348764
747	5.02594	5.0226	0.0348298
748	5.82377	5.02367	0.0347997
749	4.81326	5.02339	0.0347543
750	5.50382	5.02403	0.0347139
751	4.14445	5.02286	0.0346874
752	4.34584	5.02196	0.034653
753	4.50129	5.02127	0.0346139
754	5.63603	5.02208	0.0345775
755	5.37322	5.02255	0.0345349
756	4.83352	5.0223	0.0344901
757	3.90054	5.02081	0.0344764
758	4.44852	5.02006	0.0344391
759	5.69378	5.02095	0.0344052
760	3.97596	5.01957	0.0343874
761	4.3385	5.01868	0.0343539
762	4.35285	5.0178	0.0343199
763	4.18397	5.01671	0.0342923
764	4.68166	5.01627	0.0342502
765	4.28352	5.01531	0.0342188
766	3.88543	5.01384	0.0342059
767	4.76824	5.01352	0.0341628
768	3.67354	5.01177	0.0341629
769	4.53815	5.01116	0.034124
770	5.31896	5.01156	0.034082
771	4.04532	5.0103	0.0340609
772	5.05741	5.01037	0.0340168
773	4.45447	5.00965	0.0339804
774	4.17422	5.00857	0.0339536
775	4.80115	5.0083	0.0339109
776	5.40937	5.00882	0.0338711
777	4.09873	5.00764	0.0338478
778	4.65776	5.00719	0.0338072
779	3.2507	5.00494	0.033839
780	6.83944	5.00729	0.0338772
781	4.41415	5.00653	0.0338423
782	5.42417	5.00707	0.0338033
783	5.97654	5.0083	0.0337828
784	4.65112	5.00785	0.0337428
785	4.62879	5.00737	0.0337032
786	4.50694	5.00673	0.0336664
787	6.09605	5.00811	0.033652
788	5.0181	5.00813	0.0336093
789	4.65551	5.00768	0.0335697
790	4.08017	5.00651	0.0335477
791	5.52374	5.00716	0.0335117
792	4.47173	5.00648	0.0334762
793	4.82226	5.00625	0.0334348
794	5.48495	5.00685	0.0333981
795	4.12416	5.00574	0.0333746
796	3.92638	5.00439	0.0333602
797	6.32807	5.00605	0.0333596
798	5.16516	5.00625	0.0333184
799	4.76585	5.00595	0.0332781
800	4.12742	5.00485	0.0332546
801	4.54571	5.00428	0.033218
802	5.60461	5.00502	0.033185
803	9.82678	5.01103	0.0336826
804	5.90056	5.01214	0.0336588
805	5.61487	5.01288	0.0336254
806	5.0775	5.01296	0.0335837
807	4.2744	5.01205	0.0335546
808	6.77393	5.01423	0.0335838
809	4.1558	5.01317	0.0335591
810	5.30995	5.01353	0.0335197
811	6.36241	5.0152	0.0335196
812	4.90898	5.01507	0.0334785
813	3.93325	5.01374	0.0334638
814	4.31026	5.01287	0.0334338
815	4.41398	5.01214	0.0334009
816	4.07219	5.01099	0.0333798
817	5.7445	5.01188	0.033351
818	4.74872	5.01156	0.0333118
819	4.09224	5.01044	0.03329
820	5.08732	5.01053	0.0332496
821	3.82757	5.00909	0.0332403
822	7.62869	5.01228	0.0333523
823	4.93825	5.01219	0.0333119
824	4.61091	5.0117	0.033275
825	3.85614	5.0103	0.0332641
826	5.10653	5.01042	0.0332241
827	4.82427	5.01019	0.0331846
828	5.67947	5.011	0.0331544
829	4.3888	5.01025	0.0331229
830	4.77032	5.00996	0.0330843
831	3.70729	5.00839	0.0330816
832	5.1651	5.00858	0.0330423
833	4.29847	5.00773	0.0330137
834	5.43927	5.00825	0.0329781
835	5.17419	5.00845	0.0329392
836	4.7885	5.00818	0.0329009
837	4.01895	5.007	0.0328828
838	3.65501	5.00539	0.0328831
839	4.54197	5.00484	0.0328486
840	4.85957	5.00466	0.0328099
841	5.1011	5.00478	0.0327711
842	4.3731	5.00403	0.0327408
843	5.66388	5.00481	0.0327113
844	5.82562	5.00578	0.032687
845	4.39261	5.00506	0.0326564
846	4.90084	5.00493	0.032618
847	6.11886	5.00625	0.032606
848	3.59349	5.00458	0.0326101
849	4.44767	5.00393	0.0325783
850	6.87838	5.00613	0.0326145
851	5.27317	5.00645	0.0325777
852	6.80874	5.00856	0.032608
853	5.37472	5.00899	0.0325726
854	4.03732	5.00785	0.0325544
855	4.37889	5.00712	0.0325246
856	4.79191	5.00687	0.0324876
857	6.50839	5.00862	0.0324969
858	5.85123	5.0096	0.0324738
859	5.46355	5.01013	0.0324403
860	4.53657	5.00958	0.0324073
861	5.67271	5.01035	0.0323788
862	3.54379	5.00865	0.0323859
863	4.15588	5.00766	0.0323634
864	4.7018	5.0073	0.0323279
865	6.29916	5.0088	0.032325
866	4.56818	5.00829	0.0322917
867	4.53872	5.00775	0.032259
868	5.10297	5.00786	0.032222
869	4.99529	5.00784	0.0321849
870	6.0117	5.009	0.0321686
871	4.58935	5.00851	0.0321353
872	4.8015	5.00828	0.0320993
873	4.91046	5.00816	0.0320627
874	6.32237	5.00967	0.0320613
875	4.86682	5.00951	0.0320251
876	5.23251	5.00976	0.0319895
877	4.55794	5.00924	0.0319572
878	4.94906	5.00918	0.0319209
879	5.49555	5.00973	0.0318894
880	4.54917	5.00921	0.0318574
881	4.46403	5.00859	0.0318273
882	4.33854	5.00783	0.0318002
883	5.82065	5.00875	0.0317775
884	3.62543	5.00718	0.0317801
885	4.32713	5.00641	0.0317535
886	5.435	5.0069	0.0317213
887	4.65535	5.0065	0.031688
888	4.51219	5.00595	0.0316572
889	5.58187	5.00659	0.0316283
890	5.25551	5.00687	0.031594
891	4.38803	5.00618	0.0315661
892	4.45459	5.00556	0.0315368
893	4.76917	5.0053	0.0315026
894	5.39321	5.00573	0.0314704
895	5.90949	5.00674	0.0314514
896	4.79928	5.00651	0.0314171
897	5.07365	5.00658	0.0313822
898	5.55662	5.00719	0.0313532
899	4.25047	5.00635	0.0313297
900	6.55667	5.00808	0.0313422
901	4.89091	5.00795	0.0313076
902	3.49369	5.00627	0.0313179
903	4.08639	5.00525	0.0312998
904	3.8126	5.00393	0.031293
905	3.50381	5.00227	0.0313023
906	3.76276	5.0009	0.0312976
907	5.25693	5.00119	0.0312644
908	3.93269	5.00001	0.0312521
909	4.65634	4.99963	0.03122
910	4.60335	4.9992	0.0311887
911	6.73623	5.0011	0.0312127
912	4.98481	5.00108	0.0311785
913	5.29974	5.00141	0.031146
914	5.49578	5.00195	0.0311167
915	3.96205	5.00082	0.0311034
916	5.25174	5.00109	0.0310707
917	4.79017	5.00086	0.0310376
918	4.07108	4.99985	0.0310203
919	6.01406	5.00095	0.0310062
920	5.32669	5.0013	0.0309745
921	5.75255	5.00212	0.0309516
922	5.6794	5.00285	0.0309268
923	5.02999	5.00288	0.0308933
924	5.09419	5.00298	0.03086
925	4.09348	5.002	0.0308423
926	3.69798	5.00059	0.0308411
927	5.64677	5.00129	0.0308157
928	4.11268	5.00033	0.0307974
929	5.53258	5.0009	0.0307696
930	5.34109	5.00127	0.0307387
931	5.79548	5.00212	0.0307175
932	4.79327	5.0019	0.0306853
933	4.87102	5.00176	0.0306528
934	4.72397	5.00146	0.0306214
935	4.86104	5.00131	0.030589
936	6.34114	5.00274	0.0305898
937	6.15535	5.00397	0.0305819
938	3.70191	5.00258	0.0305808
939	4.26722	5.0018	0.0305582
940	6.35786	5.00324	0.0305598
941	4.6324	5.00285	0.0305298
942	6.10563	5.00402	0.0305198
943	4.97202	5.00399	0.0304875
944	4.81434	5.00379	0.0304559
945	3.40783	5.0021	0.0304704
946	4.51863	5.00159	0.0304425
947	7.36701	5.00408	0.0305127
948	6.81099	5.00599	0.0305399
949	5.1014	5.00609	0.0305079
950	4.54179	5.0056	0.0304797
951	6.12193	5.00677	0.0304703
952	4.95222	5.00672	0.0304383
953	5.29501	5.00702	0.0304079
954	6.24949	5.00832	0.0304039
955	4.42127	5.00771	0.0303783
956	3.33803	5.00596	0.0303967
957	4.6395	5.00558	0.0303673
958	4.89021	5.00546	0.0303358
959	6.25895	5.00676	0.0303324
960	6.49924	5.00832	0.0303406
961	4.88756	5.00819	0.0303093
962	5.39016	5.00859	0.0302804
963	4.67782	5.00825	0.0302509
964	5.14171	5.00839	0.0302198
965	5.53292	5.00893	0.0301934
966	5.71418	5.00966	0.0301709
967	4.46496	5.0091	0.030145
968	5.07237	5.00916	0.0301139
969	6.48787	5.01069	0.0301215
970	5.42575	5.01112	0.0300935
971	5.489	5.01161	0.0300665
972	5.11779	5.01172	0.0300358
973	5.24823	5.01196	0.0300059
974	5.1424	5.01209	0.0299754
975	4.96031	5.01204	0.0299447
976	4.48555	5.0115	0.0299189
977	3.58431	5.01004	0.0299239
978	5.33093	5.01037	0.0298951
979	6.90156	5.0123	0.0299269
980	5.6312	5.01293	0.029903
981	5.16796	5.01309	0.029873
982	5.4996	5.01359	0.0298466
983	5.77321	5.01436	0.0298263
984	5.22485	5.01457	0.0297967
985	4.01093	5.01355	0.0297839
986	5.69801	5.01425	0.0297618
987	4.12013	5.01334	0.0297454
988	4.15028	5.01247	0.0297281
989	4.36459	5.01181	0.0297053
990	5.29389	5.0121	0.0296767
991	4.65483	5.01174	0.0296489
992	5.16317	5.01189	0.0296194
993	3.61008	5.01048	0.0296232
994	4.66102	5.01013	0.0295955
995	6.56013	5.01168	0.0296067
996	5.51741	5.01219	0.0295813
997	5.02239	5.0122	0.0295517
998	5.25629	5.01245	0.0295231
999	4.30871	5.01174	0.0295019
1000	3.38073	5.01011	0.0295175
