BLOCK	ACTUAL_V	V_AVE	ERROR
1	3.10624	3.10624	0
2	7.08385	5.09504	1.4063
3	5.60241	5.26417	0.947646
4	5.52689	5.32985	0.713007
5	4.74556	5.21299	0.579902
6	5.14874	5.20228	0.483351
7	5.5938	5.25821	0.417524
8	5.09357	5.23763	0.365841
9	4.05895	5.10667	0.347844
10	4.33984	5.02999	0.321401
11	4.95787	5.02343	0.29225
12	7.32608	5.21532	0.324839
13	4.85104	5.1873	0.301058
14	5.98222	5.24408	0.284858
15	4.60518	5.20148	0.269033
16	4.88499	5.1817	0.252944
17	3.57019	5.08691	0.255211
18	4.27847	5.042	0.244952
19	5.1718	5.04883	0.232156
20	4.28142	5.01046	0.223696
21	3.65283	4.94581	0.22219
22	5.80164	4.98471	0.215469
23	5.4217	5.00371	0.206936
24	6.35383	5.05996	0.205818
25	4.4606	5.03599	0.198977
26	4.23432	5.00516	0.193698
27	5.15847	5.01083	0.186608
28	4.38697	4.98855	0.181268
29	4.51493	4.97222	0.175752
30	9.43461	5.12097	0.224169
31	4.44948	5.09931	0.217982
32	4.55969	5.08244	0.211821
33	5.66011	5.09995	0.206124
34	5.15314	5.10151	0.200068
35	5.15874	5.10315	0.194358
36	5.90137	5.12532	0.19022
37	4.08852	5.0973	0.187131
38	6.59902	5.13682	0.186333
39	7.46164	5.19643	0.190852
40	3.87984	5.16351	0.188898
41	4.7418	5.15323	0.184571
42	5.3955	5.159	0.180266
43	5.0265	5.15592	0.1761
44	4.6857	5.14523	0.172422
45	5.63681	5.15615	0.168936
46	5.07853	5.15447	0.165272
47	5.02559	5.15172	0.161778
48	4.71333	5.14259	0.158665
49	5.92329	5.15852	0.156225
50	4.81164	5.15159	0.153255
51	4.66262	5.142	0.150549
52	4.21399	5.12415	0.148708
53	3.88495	5.10077	0.147729
54	3.84387	5.07749	0.146815
55	5.21297	5.07996	0.144167
56	5.17629	5.08168	0.141603
57	3.90794	5.06109	0.140608
58	4.93138	5.05885	0.138201
59	4.44542	5.04845	0.136249
60	5.25677	5.05192	0.134023
61	5.45711	5.05857	0.13199
62	4.68546	5.05255	0.129998
63	5.24949	5.05567	0.127972
64	7.25376	5.09002	0.1305
65	5.79159	5.10081	0.128938
66	3.96252	5.08357	0.128133
67	4.00201	5.06742	0.127233
68	3.50973	5.04452	0.127408
69	4.66528	5.03902	0.12568
70	4.78116	5.03534	0.123938
71	5.87881	5.04722	0.122761
72	4.52209	5.03992	0.121272
73	5.37798	5.04455	0.119699
74	5.13545	5.04578	0.118088
75	4.51807	5.03875	0.116723
76	5.25105	5.04154	0.11522
77	5.87207	5.05233	0.114228
78	5.53458	5.05851	0.112931
79	3.7492	5.04193	0.112711
80	5.61973	5.04916	0.111533
81	4.67788	5.04457	0.11025
82	7.70132	5.07697	0.113566
83	4.95512	5.0755	0.112208
84	4.58091	5.06962	0.111026
85	6.67508	5.0885	0.111315
86	5.50539	5.09335	0.110126
87	3.92158	5.07988	0.109681
88	5.83694	5.08849	0.108771
89	6.42272	5.10348	0.108577
90	2.99367	5.08004	0.109873
91	4.84388	5.07744	0.108696
92	3.72035	5.06269	0.108511
93	5.45518	5.06691	0.107426
94	4.37226	5.05952	0.106537
95	4.94409	5.0583	0.105422
96	4.70787	5.05465	0.104387
97	6.8281	5.07294	0.1049
98	7.1792	5.09443	0.106009
99	5.26158	5.09612	0.104951
100	6.48893	5.11005	0.104822
101	3.9657	5.09872	0.104395
102	3.78881	5.08587	0.104158
103	4.16834	5.07697	0.103527
104	6.32373	5.08895	0.103223
105	5.2352	5.09035	0.10225
106	4.10689	5.08107	0.101705
107	5.52011	5.08517	0.100837
108	3.95977	5.07475	0.100441
109	4.95752	5.07368	0.0995249
110	4.67785	5.07008	0.0986851
111	5.64832	5.07529	0.0979335
112	7.32321	5.09536	0.0990944
113	3.46143	5.0809	0.0992668
114	4.89165	5.07924	0.0984099
115	3.94853	5.06941	0.0980441
116	4.84726	5.06749	0.0972176
117	6.25042	5.0776	0.096911
118	6.00907	5.0855	0.0964107
119	5.75917	5.09116	0.0957666
120	4.06876	5.08264	0.0953467
121	5.24832	5.08401	0.0945686
122	3.8522	5.07391	0.0943309
123	5.07547	5.07392	0.093564
124	4.63727	5.0704	0.0928757
125	6.67737	5.08326	0.0930181
126	4.29767	5.07702	0.0924886
127	5.98083	5.08414	0.0920338
128	3.76808	5.07386	0.0918873
129	4.89392	5.07246	0.0911855
130	3.88444	5.06332	0.0909409
131	4.65258	5.06019	0.0903007
132	4.70829	5.05752	0.089656
133	4.25978	5.05152	0.0891823
134	4.36398	5.04639	0.0886642
135	4.4762	5.04217	0.088108
136	5.71167	5.04709	0.0875976
137	6.68824	5.05907	0.0877734
138	5.90366	5.06519	0.0873505
139	4.21825	5.0591	0.0869343
140	5.26704	5.06058	0.0863261
141	4.91618	5.05956	0.0857199
142	5.38655	5.06186	0.0851472
143	6.05883	5.06883	0.0848367
144	4.381	5.06406	0.0843819
145	5.68563	5.06834	0.0839088
146	4.92466	5.06736	0.0833398
147	5.2755	5.06878	0.0827849
148	4.68377	5.06617	0.0822664
149	3.60472	5.05637	0.0822969
150	3.87403	5.04848	0.0821249
151	3.86268	5.04063	0.0819556
152	5.50784	5.0437	0.081474
153	5.0826	5.04396	0.0809419
154	4.44123	5.04004	0.0805109
155	6.67629	5.0506	0.0806806
156	5.46642	5.05327	0.0802074
157	4.37231	5.04893	0.0798137
158	6.46374	5.05788	0.0798093
159	5.99115	5.06375	0.0795229
160	4.96071	5.06311	0.0790285
161	4.77006	5.06129	0.0785586
162	7.06585	5.07366	0.0790422
163	3.86653	5.06626	0.0789034
164	6.79338	5.07679	0.079122
165	4.7067	5.07455	0.0786742
166	4.09723	5.06866	0.0784203
167	4.20196	5.06347	0.0781222
168	4.31685	5.05902	0.0777835
169	5.12275	5.0594	0.0773242
170	5.14048	5.05988	0.0768708
171	4.87221	5.05878	0.0764291
172	4.86093	5.05763	0.0759934
173	4.91059	5.05678	0.0755589
174	5.04838	5.05673	0.0751247
175	4.4528	5.05328	0.0747746
176	4.47958	5.05002	0.0744208
177	3.98208	5.04399	0.0742445
178	3.65473	5.03618	0.0742365
179	4.86434	5.03522	0.0738279
180	4.82583	5.03406	0.073427
181	4.04428	5.02859	0.0732246
182	4.24973	5.02431	0.0729472
183	4.89265	5.02359	0.0725522
184	5.04589	5.02371	0.072158
185	5.61279	5.0269	0.0718381
186	4.72693	5.02529	0.07147
187	4.53265	5.02265	0.0711364
188	4.69723	5.02092	0.070779
189	3.38424	5.01226	0.0709323
190	4.47439	5.00943	0.0706154
191	5.49704	5.01198	0.0702919
192	4.21789	5.00785	0.0700473
193	6.04873	5.01324	0.0698917
194	4.52922	5.01074	0.069576
195	5.1461	5.01144	0.0692226
196	3.89913	5.00576	0.0691017
197	4.90887	5.00527	0.0687527
198	5.75186	5.00904	0.0685087
199	5.83574	5.0132	0.0682903
200	4.16175	5.00894	0.0680814
201	5.05558	5.00917	0.0677431
202	3.96504	5.004	0.0676047
203	4.04589	4.99928	0.0674362
204	6.1802	5.00507	0.0673536
205	6.22978	5.01105	0.0672895
206	4.69992	5.00954	0.0669798
207	5.09187	5.00993	0.0666574
208	4.11413	5.00563	0.0664759
209	4.41606	5.00281	0.0662177
210	6.27088	5.00884	0.0661771
211	4.54005	5.00662	0.0659008
212	5.47238	5.00882	0.0656265
213	5.94567	5.01322	0.0654656
214	5.36364	5.01486	0.0651802
215	6.46273	5.02159	0.065224
216	3.85892	5.01621	0.0651438
217	4.51056	5.01388	0.0648852
218	5.29573	5.01517	0.0646005
219	4.65682	5.01353	0.0643262
220	5.69984	5.01665	0.0641094
221	4.33672	5.01358	0.0638931
222	5.58987	5.01617	0.063658
223	6.33847	5.0221	0.0636481
224	5.26185	5.02317	0.063373
225	4.82481	5.02229	0.0630974
226	4.84833	5.02152	0.0628229
227	3.62085	5.01535	0.0628485
228	4.76845	5.01427	0.0625822
229	5.28467	5.01545	0.06232
230	4.56065	5.01347	0.0620804
231	5.12435	5.01395	0.0618135
232	5.64747	5.01668	0.0616074
233	4.72327	5.01542	0.0613558
234	4.59776	5.01364	0.0611196
235	3.52003	5.00728	0.0611891
236	3.77304	5.00205	0.0611529
237	5.35198	5.00353	0.0609127
238	4.5365	5.00157	0.0606884
239	5.47324	5.00354	0.0604665
240	4.31026	5.00065	0.0602835
241	4.17544	4.99723	0.0601305
242	5.03397	4.99738	0.0598823
243	4.22708	4.99421	0.0597197
244	4.51348	4.99224	0.0595074
245	4.12259	4.98869	0.0593703
246	4.32637	4.986	0.05919
247	6.471	4.99201	0.0592549
248	8.94144	5.00793	0.0611185
249	4.80479	5.00712	0.0608785
250	4.87087	5.00657	0.0606374
251	5.2981	5.00773	0.060407
252	4.5044	5.00574	0.0602003
253	5.06313	5.00596	0.0599627
254	5.50615	5.00793	0.059759
255	4.60625	5.00636	0.0595454
256	4.81373	5.00561	0.0593176
257	6.47266	5.01131	0.0593608
258	4.533	5.00946	0.0591596
259	4.73481	5.0084	0.0589407
260	6.64734	5.0147	0.0590502
261	3.35883	5.00836	0.0591638
262	4.03118	5.00463	0.0590554
263	4.34441	5.00212	0.0588842
264	4.16801	4.99896	0.0587458
265	4.94474	4.99875	0.0585245
266	4.5039	4.99689	0.058334
267	4.32763	4.99439	0.0581694
268	4.56074	4.99277	0.0579748
269	6.25201	4.99745	0.057948
270	5.30657	4.9986	0.0577447
271	5.51588	5.0005	0.0575631
272	4.63161	4.99915	0.0573675
273	4.54482	4.99748	0.0571815
274	5.49032	4.99928	0.0570011
275	5.2195	5.00008	0.0567994
276	6.69054	5.00621	0.0569229
277	3.16477	4.99956	0.0571043
278	5.13214	5.00004	0.0569009
279	4.2166	4.99723	0.0567661
280	4.39174	4.99507	0.0566046
281	5.76093	4.99779	0.0564687
282	3.90829	4.99393	0.0564005
283	5.95283	4.99732	0.0563029
284	3.94779	4.99362	0.0562258
285	3.6323	4.98885	0.056231
286	5.24005	4.98972	0.0560413
287	5.37754	4.99107	0.0558623
288	5.38011	4.99243	0.0556847
289	4.30618	4.99005	0.0555426
290	6.35184	4.99475	0.0555492
291	5.06191	4.99498	0.0553588
292	5.91268	4.99812	0.0552584
293	5.8649	5.00108	0.0551489
294	4.84522	5.00055	0.0549639
295	4.42059	4.99858	0.0548127
296	4.3638	4.99644	0.0546694
297	5.192	4.9971	0.0544893
298	4.59696	4.99575	0.054323
299	5.03916	4.9959	0.0541415
300	4.89064	4.99555	0.0539622
301	4.22139	4.99298	0.0538442
302	6.53134	4.99807	0.0539063
303	5.25703	4.99892	0.0537352
304	5.88516	5.00184	0.0536374
305	5.50089	5.00348	0.0534865
306	4.11733	5.00058	0.0533901
307	3.97123	4.99723	0.0533213
308	4.80373	4.9966	0.0531519
309	4.86187	4.99616	0.0529817
310	6.83543	5.0021	0.053142
311	4.0172	4.99893	0.0530654
312	4.9817	4.99887	0.0528953
313	5.85398	5.00161	0.0527968
314	4.03058	4.99851	0.0527192
315	3.61889	4.99413	0.0527334
316	3.78438	4.99031	0.0527053
317	5.15913	4.99084	0.0525418
318	5.31953	4.99187	0.0523867
319	5.59091	4.99375	0.0522561
320	4.3798	4.99183	0.052128
321	4.90368	4.99156	0.0519664
322	4.06151	4.98867	0.0518852
323	4.57311	4.98738	0.0517405
324	5.53636	4.98908	0.0516085
325	6.35807	4.99329	0.0516214
326	8.59328	5.00433	0.0526309
327	6.04413	5.00751	0.0525659
328	5.82804	5.01001	0.0524652
329	6.72202	5.01522	0.0525631
330	3.59229	5.0109	0.0525804
331	4.60129	5.00967	0.0524361
332	4.30119	5.00753	0.0523216
333	6.17115	5.01103	0.052281
334	5.89748	5.01368	0.0521918
335	5.0774	5.01387	0.0520364
336	5.85759	5.01638	0.051942
337	5.57707	5.01805	0.0518145
338	4.86899	5.01761	0.0516631
339	4.45501	5.01595	0.0515374
340	4.88105	5.01555	0.0513873
341	4.29569	5.01344	0.05128
342	4.79324	5.01279	0.0511341
343	3.35623	5.00796	0.0512126
344	7.30351	5.01464	0.0514966
345	8.29084	5.02413	0.0522156
346	5.9936	5.02694	0.0521398
347	6.84608	5.03218	0.0522524
348	3.64215	5.02818	0.0522547
349	5.34534	5.02909	0.0521129
350	5.09539	5.02928	0.0519643
351	3.74226	5.02562	0.0519455
352	4.88493	5.02522	0.0517995
353	6.65937	5.02985	0.0518592
354	4.94284	5.0296	0.0517133
355	5.7094	5.03151	0.051603
356	4.71286	5.03062	0.0514658
357	4.91979	5.03031	0.0513226
358	4.45398	5.0287	0.0512045
359	5.58096	5.03024	0.051085
360	5.42037	5.03132	0.0509546
361	3.98625	5.02843	0.0508956
362	4.74737	5.02765	0.0507609
363	4.01211	5.02485	0.0506981
364	4.19677	5.02258	0.0506098
365	5.06268	5.02269	0.0504713
366	4.20253	5.02045	0.0503831
367	4.30345	5.01849	0.0502837
368	4.12154	5.01606	0.0502061
369	4.10909	5.0136	0.0501302
370	4.82981	5.0131	0.0499972
371	6.06866	5.01595	0.0499433
372	6.69932	5.02047	0.0500136
373	6.50104	5.02444	0.0500368
374	4.92002	5.02416	0.0499038
375	4.09925	5.02169	0.0498316
376	6.78903	5.02639	0.0499203
377	4.27432	5.0244	0.0498277
378	3.67823	5.02084	0.049823
379	4.15403	5.01855	0.049744
380	5.18816	5.019	0.0496151
381	6.06693	5.02175	0.049561
382	3.37285	5.01743	0.0496189
383	4.86419	5.01703	0.049491
384	4.35583	5.01531	0.049392
385	4.14748	5.01306	0.0493152
386	5.47387	5.01425	0.0492018
387	4.30986	5.01243	0.0491084
388	4.55317	5.01125	0.0489961
389	6.24543	5.01442	0.0489727
390	4.59992	5.01336	0.0488587
391	4.5398	5.01214	0.0487487
392	4.94385	5.01197	0.0486247
393	4.11812	5.0097	0.0485541
394	5.5117	5.01097	0.0484476
395	6.17799	5.01392	0.048415
396	5.35593	5.01479	0.0483004
397	4.45397	5.01338	0.0481994
398	4.49918	5.01208	0.0480956
399	5.95629	5.01445	0.0480332
400	4.86628	5.01408	0.0479146
401	7.5406	5.02038	0.0482076
402	4.82771	5.0199	0.04809
403	4.47641	5.01855	0.0479896
404	5.98096	5.02093	0.0479299
405	6.22622	5.02391	0.0479039
406	5.91029	5.02609	0.0478356
407	4.66083	5.0252	0.0477265
408	4.41602	5.0237	0.0476329
409	4.32476	5.02199	0.047547
410	6.04812	5.0245	0.0474969
411	4.19054	5.02247	0.0474246
412	4.84019	5.02203	0.0473116
413	6.45109	5.02549	0.0473234
414	4.06764	5.02317	0.0472656
415	6.16336	5.02592	0.0472315
416	5.66925	5.02747	0.0471433
417	4.73099	5.02675	0.0470356
418	3.63975	5.02344	0.04704
419	6.09602	5.026	0.0469973
420	6.24249	5.02889	0.0469746
421	7.13441	5.03389	0.0471285
422	6.00465	5.03619	0.0470729
423	4.58082	5.03512	0.0469739
424	4.11638	5.03295	0.0469131
425	5.78911	5.03473	0.0468364
426	5.28321	5.03531	0.0467301
427	4.50399	5.03407	0.0466372
428	4.74933	5.0334	0.046533
429	4.90938	5.03312	0.0464255
430	6.40098	5.0363	0.0464263
431	3.96531	5.03381	0.0463851
432	6.17277	5.03645	0.0463526
433	4.52506	5.03527	0.0462606
434	4.57113	5.0342	0.0461663
435	5.11907	5.03439	0.0460606
436	4.03708	5.0321	0.0460117
437	4.31293	5.03046	0.0459359
438	5.09034	5.0306	0.0458312
439	6.65336	5.03429	0.0458756
440	5.86437	5.03618	0.0458101
441	4.50953	5.03498	0.0457218
442	4.99846	5.0349	0.0456185
443	5.49378	5.03594	0.0455272
444	4.8818	5.03559	0.045426
445	6.39652	5.03865	0.0454268
446	4.98034	5.03852	0.0453251
447	4.76902	5.03792	0.0452277
448	4.45944	5.03662	0.0451452
449	5.16662	5.03691	0.0450456
450	4.7068	5.03618	0.0449514
451	5.71854	5.03769	0.0448772
452	3.69795	5.03473	0.0448757
453	4.35191	5.03322	0.044802
454	5.33019	5.03388	0.0447081
455	5.19777	5.03424	0.0446112
456	4.03065	5.03204	0.0445677
457	4.28989	5.03041	0.0444997
458	5.4588	5.03135	0.0444124
459	4.67305	5.03057	0.0443225
460	6.19824	5.0331	0.0442988
461	6.96904	5.0373	0.0444013
462	3.99824	5.03505	0.0443621
463	6.62408	5.03849	0.0443988
464	5.91991	5.04039	0.0443438
465	4.66154	5.03957	0.0442559
466	3.92295	5.03718	0.0442257
467	4.16813	5.03531	0.0441702
468	5.67592	5.03668	0.044097
469	5.67703	5.03805	0.0440241
470	7.21797	5.04269	0.0441741
471	4.94518	5.04248	0.0440808
472	4.20386	5.0407	0.0440232
473	4.14037	5.0388	0.0439712
474	4.58167	5.03784	0.0438891
475	5.47483	5.03876	0.0438063
476	5.51498	5.03976	0.0437257
477	4.80741	5.03927	0.0436367
478	5.97544	5.04123	0.0435894
479	3.58999	5.0382	0.0436035
480	3.97883	5.03599	0.0435685
481	4.8856	5.03568	0.0434791
482	3.67072	5.03285	0.043481
483	4.18065	5.03108	0.0434267
484	6.75351	5.03464	0.0434826
485	5.54538	5.03569	0.0434057
486	4.93832	5.03549	0.0433168
487	5.77763	5.03702	0.0432547
488	5.69188	5.03836	0.0431869
489	7.04225	5.04246	0.0432925
490	5.48817	5.04337	0.0432137
491	4.63851	5.04254	0.0431336
492	6.15038	5.04479	0.0431046
493	4.97226	5.04465	0.0430175
494	4.82546	5.0442	0.0429327
495	6.43551	5.04701	0.0429378
496	4.52484	5.04596	0.0428642
497	4.91728	5.0457	0.0427787
498	5.44326	5.0465	0.0427003
499	6.09367	5.0486	0.0426662
500	5.36747	5.04924	0.0425857
501	3.64537	5.04643	0.0425928
502	3.54871	5.04345	0.0426123
503	4.8865	5.04314	0.0425287
504	7.1623	5.04734	0.0426517
505	5.21427	5.04767	0.0425685
506	4.39918	5.04639	0.0425036
507	4.72728	5.04576	0.0424245
508	5.47625	5.04661	0.0423494
509	9.21751	5.0548	0.0430517
510	5.19334	5.05508	0.0429681
511	5.19185	5.05534	0.0428849
512	4.22211	5.05372	0.042832
513	4.65987	5.05295	0.0427554
514	5.03366	5.05291	0.0426722
515	5.21282	5.05322	0.0425905
516	5.6903	5.05446	0.0425258
517	5.72273	5.05575	0.0424632
518	5.33939	5.0563	0.0423848
519	5.11385	5.05641	0.0423033
520	4.47962	5.0553	0.0422364
521	4.10405	5.05347	0.0421948
522	3.68319	5.05085	0.0421956
523	5.91239	5.05249	0.042147
524	5.87733	5.05407	0.042096
525	6.47861	5.05678	0.0421032
526	3.53238	5.05388	0.0421227
527	4.573	5.05297	0.0420527
528	5.70763	5.05421	0.0419913
529	5.65155	5.05534	0.0419271
530	4.20941	5.05374	0.0418784
531	5.76196	5.05508	0.0418207
532	5.52785	5.05597	0.0417516
533	4.28995	5.05453	0.041698
534	4.23736	5.053	0.041648
535	7.31595	5.05723	0.0417843
536	5.44212	5.05795	0.0417126
537	4.29023	5.05652	0.0416594
538	4.92142	5.05627	0.0415827
539	5.75483	5.05756	0.0415257
540	5.58381	5.05854	0.0414603
541	5.51757	5.05939	0.0413923
542	4.8233	5.05895	0.0413182
543	7.20046	5.06289	0.0414299
544	5.11717	5.06299	0.0413539
545	4.39652	5.06177	0.0412961
546	4.28735	5.06035	0.0412448
547	4.93034	5.06011	0.0411701
548	5.00489	5.06001	0.0410951
549	5.05025	5.06	0.0410203
550	6.09577	5.06188	0.0409889
551	6.02509	5.06363	0.0409517
552	5.19108	5.06386	0.0408782
553	5.57057	5.06477	0.0408146
554	4.45676	5.06368	0.0407556
555	4.86985	5.06333	0.0406837
556	4.21224	5.0618	0.0406393
557	3.74286	5.05943	0.0406353
558	4.05603	5.05763	0.0406022
559	4.21279	5.05612	0.0405577
560	4.04916	5.05432	0.0405251
561	4.28995	5.05296	0.0404758
562	4.85428	5.05261	0.0404053
563	3.68445	5.05018	0.0404066
564	4.80835	5.04975	0.0403372
565	4.12994	5.04812	0.0402986
566	5.26306	5.0485	0.0402292
567	4.58343	5.04768	0.0401666
568	4.68979	5.04705	0.0401009
569	6.63986	5.04985	0.040128
570	4.57388	5.04901	0.0400663
571	4.85641	5.04868	0.0399975
572	6.28218	5.05083	0.0399857
573	3.91756	5.04885	0.0399648
574	3.67904	5.04647	0.0399663
575	4.86479	5.04615	0.0398981
576	4.70703	5.04556	0.0398332
577	3.52269	5.04292	0.0398515
578	4.84914	5.04259	0.0397839
579	4.66385	5.04193	0.0397206
580	3.74122	5.03969	0.0397154
581	5.3209	5.04018	0.03965
582	5.57549	5.0411	0.0395925
583	4.27229	5.03978	0.0395465
584	4.60943	5.03904	0.0394857
585	4.14322	5.03751	0.0394479
586	4.35307	5.03634	0.0393978
587	4.52947	5.03548	0.0393402
588	6.58616	5.03811	0.0393616
589	5.33048	5.03861	0.0392979
590	4.85219	5.03829	0.0392325
591	4.93862	5.03813	0.0391665
592	6.45568	5.04052	0.0391735
593	4.677	5.03991	0.0391122
594	5.02053	5.03987	0.0390464
595	4.10415	5.0383	0.0390124
596	5.59309	5.03923	0.0389581
597	4.47188	5.03828	0.0389044
598	3.7986	5.03621	0.0388945
599	6.55485	5.03874	0.0389122
600	4.90298	5.03852	0.038848
601	4.28302	5.03726	0.0388037
602	4.75439	5.03679	0.038742
603	4.1726	5.03536	0.0387043
604	6.78901	5.03826	0.038749
605	3.97448	5.0365	0.0387248
606	4.74793	5.03603	0.0386638
607	4.09053	5.03447	0.0386315
608	4.60347	5.03376	0.0385744
609	4.82728	5.03342	0.0385126
610	5.51925	5.03422	0.0384577
611	5.14387	5.0344	0.0383952
612	5.0212	5.03438	0.0383324
613	6.32656	5.03648	0.0383278
614	4.82494	5.03614	0.0382669
615	6.65985	5.03878	0.0382957
616	5.07219	5.03883	0.0382336
617	4.99321	5.03876	0.0381717
618	7.25186	5.04234	0.0382775
619	4.26785	5.04109	0.0382361
620	4.33234	5.03995	0.0381915
621	4.34025	5.03882	0.0381466
622	4.72546	5.03832	0.0380886
623	3.6808	5.03614	0.0380898
624	6.0513	5.03776	0.0380635
625	5.53455	5.03856	0.0380109
626	4.75316	5.0381	0.0379529
627	5.45915	5.03877	0.0378983
628	3.79292	5.03679	0.0378898
629	3.99354	5.03513	0.0378659
630	4.76617	5.03471	0.0378082
631	5.06306	5.03475	0.0377483
632	7.35052	5.03841	0.037866
633	4.57195	5.03768	0.0378133
634	4.32489	5.03655	0.0377704
635	3.97142	5.03488	0.0377481
636	4.87135	5.03462	0.0376897
637	3.95398	5.03292	0.0376687
638	5.36799	5.03345	0.0376133
639	4.75735	5.03302	0.0375569
640	4.49345	5.03217	0.0375077
641	6.16245	5.03394	0.0374906
642	4.39648	5.03294	0.0374453
643	5.14615	5.03312	0.0373875
644	4.52064	5.03232	0.0373379
645	4.66272	5.03175	0.0372844
646	5.35376	5.03225	0.0372301
647	4.96254	5.03214	0.0371727
648	4.59837	5.03147	0.0371213
649	5.99438	5.03295	0.0370938
650	4.98258	5.03288	0.0370368
651	5.81246	5.03407	0.0369992
652	4.01577	5.03251	0.0369754
653	5.86259	5.03378	0.0369407
654	5.5658	5.0346	0.0368931
655	5.81608	5.03579	0.0368561
656	6.45293	5.03795	0.0368632
657	6.02559	5.03945	0.0368377
658	3.85598	5.03766	0.0368256
659	5.06994	5.0377	0.0367698
660	4.02759	5.03617	0.0367459
661	3.89615	5.03445	0.0367307
662	6.2728	5.03632	0.0367229
663	7.9243	5.04068	0.0369249
664	5.55474	5.04145	0.0368774
665	3.51435	5.03915	0.0368934
666	3.73817	5.0372	0.0368897
667	4.57932	5.03651	0.0368407
668	7.89549	5.04079	0.0370334
669	4.39812	5.03983	0.0369905
670	5.57201	5.04063	0.0369438
671	3.07786	5.0377	0.0370044
672	4.41399	5.03677	0.0369609
673	6.12785	5.0384	0.0369415
674	4.40389	5.03745	0.0368987
675	4.24873	5.03629	0.0368626
676	5.27756	5.03664	0.0368098
677	3.52524	5.03441	0.036823
678	6.5405	5.03663	0.0368356
679	4.19992	5.0354	0.036802
680	4.16627	5.03412	0.0367701
681	6.04835	5.03561	0.0367462
682	4.70463	5.03513	0.0366956
683	4.13038	5.0338	0.0366657
684	6.91865	5.03656	0.0367155
685	4.51929	5.0358	0.0366697
686	5.29275	5.03618	0.0366182
687	4.36726	5.0352	0.0365778
688	4.81965	5.03489	0.036526
689	4.85704	5.03463	0.0364739
690	4.32738	5.03361	0.0364354
691	7.0084	5.03646	0.0364946
692	4.91868	5.03629	0.0364422
693	5.25419	5.03661	0.036391
694	5.07966	5.03667	0.0363386
695	6.10231	5.0382	0.0363187
696	6.59434	5.04044	0.0363353
697	6.56437	5.04262	0.0363488
698	5.0549	5.04264	0.0362968
699	4.20466	5.04144	0.0362646
700	5.14155	5.04159	0.0362131
701	5.16495	5.04176	0.0361619
702	5.29098	5.04212	0.0361121
703	5.38642	5.04261	0.0360641
704	4.33673	5.0416	0.0360268
705	6.35362	5.04347	0.0360237
706	3.69489	5.04156	0.0360233
707	3.92154	5.03997	0.0360072
708	4.37985	5.03904	0.0359684
709	4.75858	5.03864	0.0359198
710	4.58842	5.03801	0.0358748
711	3.89224	5.0364	0.0358605
712	5.15636	5.03657	0.0358106
713	5.23486	5.03684	0.0357614
714	3.51459	5.03471	0.0357748
715	7.38685	5.038	0.0358757
716	4.64931	5.03746	0.0358297
717	5.48116	5.03808	0.0357851
718	4.20139	5.03691	0.0357542
719	5.73089	5.03788	0.0357175
720	5.68542	5.03878	0.0356792
721	5.00988	5.03874	0.0356298
722	6.89665	5.04131	0.0356732
723	5.13717	5.04144	0.0356241
724	5.14965	5.04159	0.0355752
725	4.2755	5.04054	0.0355419
726	3.82519	5.03886	0.0355323
727	4.58855	5.03824	0.0354888
728	5.12767	5.03837	0.0354403
729	5.81618	5.03943	0.0354077
730	5.16701	5.03961	0.0353597
731	4.10626	5.03833	0.0353343
732	3.55786	5.03631	0.0353439
733	4.82343	5.03602	0.0352969
734	3.97337	5.03457	0.0352785
735	5.8675	5.0357	0.0352487
736	4.0743	5.0344	0.035225
737	5.64295	5.03522	0.0351869
738	4.0254	5.03385	0.0351658
739	5.39573	5.03434	0.0351216
740	5.87848	5.03548	0.0350927
741	7.41582	5.0387	0.035192
742	4.53727	5.03802	0.0351511
743	3.90044	5.03649	0.0351371
744	4.59068	5.03589	0.035095
745	4.68876	5.03542	0.035051
746	5.1306	5.03555	0.0350042
747	4.47684	5.0348	0.0349653
748	4.17672	5.03366	0.0349374
749	4.8899	5.03347	0.0348913
750	6.40516	5.03529	0.0348927
751	3.71221	5.03353	0.0348907
752	6.22758	5.03512	0.0348804
753	3.50874	5.03309	0.0348929
754	3.44927	5.03099	0.0349098
755	3.84328	5.02942	0.034899
756	4.98317	5.02936	0.0348529
757	4.28639	5.02838	0.0348206
758	5.20066	5.0286	0.0347755
759	5.70923	5.0295	0.0347412
760	5.0156	5.02948	0.0346955
761	6.55166	5.03148	0.0347075
762	5.4626	5.03205	0.0346666
763	4.57084	5.03144	0.0346264
764	5.60321	5.03219	0.0345892
765	3.92067	5.03074	0.0345745
766	4.997	5.0307	0.0345293
767	4.86351	5.03048	0.034485
768	7.83947	5.03414	0.0346335
769	6.3288	5.03582	0.0346294
770	4.71653	5.0354	0.0345869
771	4.04573	5.03412	0.0345659
772	6.25554	5.0357	0.0345573
773	5.61902	5.03646	0.0345208
774	3.53577	5.03452	0.0345306
775	4.20129	5.03344	0.0345028
776	4.42337	5.03266	0.0344673
777	5.03643	5.03266	0.0344229
778	4.20776	5.0316	0.034395
779	4.14826	5.03047	0.0343695
780	4.29445	5.02952	0.0343384
781	4.07688	5.0283	0.0343161
782	4.58328	5.02774	0.0342769
783	4.98057	5.02767	0.0342332
784	5.52105	5.0283	0.0341953
785	5.23491	5.02857	0.0341528
786	5.33905	5.02896	0.0341116
787	5.31334	5.02932	0.0340702
788	4.33965	5.02845	0.0340382
789	4.5631	5.02786	0.0340002
790	5.47831	5.02843	0.0339619
791	6.53103	5.03033	0.0339721
792	4.41514	5.02955	0.033938
793	5.06288	5.02959	0.0338953
794	4.71212	5.02919	0.0338549
795	4.59046	5.02864	0.0338169
796	5.30161	5.02899	0.0337761
797	5.12985	5.02911	0.033734
798	5.53425	5.02974	0.0336976
799	5.79231	5.0307	0.033669
800	4.75205	5.03035	0.0336287
801	5.65881	5.03114	0.0335959
802	3.84089	5.02965	0.0335867
803	5.82676	5.03064	0.0335596
804	4.85136	5.03042	0.0335186
805	4.37695	5.02961	0.0334868
806	4.14789	5.02852	0.0334631
807	5.31373	5.02887	0.0334235
808	4.90558	5.02872	0.0333825
809	5.15599	5.02887	0.0333416
810	4.96758	5.0288	0.0333005
811	4.29142	5.02789	0.0332718
812	4.49958	5.02724	0.0332372
813	4.78394	5.02694	0.0331977
814	5.80598	5.0279	0.0331707
815	3.62117	5.02617	0.0331749
816	6.67219	5.02819	0.0331955
817	5.13444	5.02832	0.0331551
818	5.4434	5.02882	0.0331185
819	4.16273	5.02777	0.0330949
820	3.89228	5.02638	0.0330835
821	3.71873	5.02479	0.0330815
822	6.39681	5.02646	0.0330834
823	5.11985	5.02657	0.0330434
824	5.70518	5.0274	0.0330135
825	5.07548	5.02745	0.0329736
826	8.22712	5.03133	0.0331604
827	5.10334	5.03141	0.0331204
828	5.29985	5.03174	0.033082
829	5.03954	5.03175	0.0330421
830	4.89997	5.03159	0.0330027
831	5.46156	5.03211	0.032967
832	4.78244	5.03181	0.0329287
833	7.0109	5.03418	0.0329748
834	4.58953	5.03365	0.0329396
835	4.63997	5.03318	0.0329035
836	6.72271	5.0352	0.0329262
837	5.7168	5.03601	0.0328969
838	4.44159	5.0353	0.0328653
839	5.24778	5.03556	0.0328271
840	6.81934	5.03768	0.0328566
841	7.63298	5.04077	0.0329622
842	4.85971	5.04055	0.0329237
843	4.21902	5.03958	0.0328991
844	6.4535	5.04125	0.0329027
845	4.92308	5.04111	0.0328641
846	5.3448	5.04147	0.0328272
847	4.35905	5.04067	0.0327983
848	4.07408	5.03953	0.0327794
849	4.30847	5.03866	0.0327521
850	3.67884	5.03707	0.0327527
851	9.50691	5.04232	0.0331327
852	7.7793	5.04553	0.0332491
853	4.44072	5.04482	0.0332177
854	5.87678	5.0458	0.0331931
855	4.27283	5.04489	0.0331666
856	4.03005	5.04371	0.033149
857	4.22765	5.04275	0.033124
858	3.98452	5.04152	0.0331084
859	5.85445	5.04247	0.0330833
860	5.66114	5.04319	0.0330527
861	4.94673	5.04307	0.0330145
862	5.06585	5.0431	0.0329762
863	4.54349	5.04252	0.0329431
864	4.02645	5.04135	0.0329259
865	5.64342	5.04204	0.0328952
866	5.47551	5.04254	0.032861
867	4.07795	5.04143	0.032842
868	5.10329	5.0415	0.0328042
869	4.21216	5.04055	0.0327803
870	5.97128	5.04162	0.0327601
871	5.74301	5.04242	0.0327324
872	5.17129	5.04257	0.0326952
873	5.80595	5.04344	0.0326694
874	4.48817	5.04281	0.0326382
875	7.01975	5.04507	0.032679
876	5.02764	5.04505	0.0326417
877	3.49884	5.04328	0.0326521
878	4.81463	5.04302	0.032616
879	5.12971	5.04312	0.032579
880	5.23385	5.04334	0.0325427
881	5.92194	5.04434	0.032521
882	5.11678	5.04442	0.0324843
883	4.33605	5.04362	0.0324574
884	4.41181	5.0429	0.0324285
885	5.88528	5.04385	0.0324059
886	7.12603	5.0462	0.0324544
887	7.83333	5.04935	0.0325696
888	6.59695	5.05109	0.0325795
889	5.4424	5.05153	0.0325458
890	6.25511	5.05288	0.0325373
891	5.19217	5.05304	0.0325012
892	4.33135	5.05223	0.0324748
893	5.15456	5.05234	0.0324386
894	4.79851	5.05206	0.0324036
895	5.14197	5.05216	0.0323675
896	5.03029	5.05214	0.0323314
897	4.53181	5.05156	0.0323006
898	4.43661	5.05087	0.0322719
899	4.74156	5.05053	0.0322378
900	4.92048	5.05038	0.0322023
901	4.54744	5.04982	0.0321714
902	5.48409	5.05031	0.0321394
903	5.53212	5.05084	0.0321082
904	5.20925	5.05101	0.0320731
905	5.85255	5.0519	0.0320499
906	4.10956	5.05086	0.0320314
907	4.72403	5.0505	0.0319981
908	5.53369	5.05103	0.0319673
909	6.25482	5.05236	0.0319596
910	7.69648	5.05526	0.0320563
911	5.68184	5.05595	0.0320285
912	4.85638	5.05573	0.0319941
913	4.80739	5.05546	0.0319602
914	3.36818	5.05361	0.0319785
915	5.34937	5.05394	0.0319452
916	7.05759	5.05612	0.0319851
917	5.17257	5.05625	0.0319505
918	5.13016	5.05633	0.0319158
919	4.58334	5.05582	0.0318852
920	5.37352	5.05616	0.0318524
921	4.61661	5.05568	0.0318214
922	4.54551	5.05513	0.0317917
923	5.73709	5.05587	0.0317658
924	4.83557	5.05563	0.0317324
925	5.11464	5.05569	0.0316981
926	5.32036	5.05598	0.0316652
927	3.88581	5.05472	0.0316562
928	3.41706	5.05295	0.0316712
929	4.55254	5.05241	0.0316417
930	4.75939	5.0521	0.0316092
931	4.99413	5.05204	0.0315754
932	4.40692	5.05135	0.0315491
933	4.25518	5.05049	0.0315268
934	4.46406	5.04986	0.0314993
935	3.43928	5.04814	0.0315127
936	4.16985	5.0472	0.031493
937	4.35083	5.04646	0.0314681
938	4.74701	5.04614	0.0314362
939	5.54275	5.04667	0.0314072
940	5.71788	5.04738	0.0313819
941	3.79011	5.04605	0.0313769
942	5.05758	5.04606	0.0313436
943	4.13191	5.04509	0.0313254
944	4.53571	5.04455	0.0312968
945	4.98254	5.04448	0.0312638
946	4.52221	5.04393	0.0312356
947	4.61778	5.04348	0.0312059
948	4.16155	5.04255	0.0311868
949	6.63342	5.04423	0.031199
950	6.44043	5.0457	0.0312007
951	5.30921	5.04598	0.0311692
952	5.84927	5.04682	0.0311478
953	5.15546	5.04693	0.0311154
954	3.86292	5.04569	0.0311075
955	4.36654	5.04498	0.031083
956	4.69594	5.04462	0.0310527
957	4.35339	5.04389	0.0310286
958	4.3285	5.04315	0.0310052
959	4.64083	5.04273	0.0309757
960	5.49225	5.0432	0.030947
961	5.85453	5.04404	0.0309263
962	6.09966	5.04514	0.0309136
963	4.86014	5.04495	0.0308821
964	5.59945	5.04552	0.0308554
965	7.25543	5.04781	0.0309083
966	4.0826	5.04681	0.0308925
967	6.40979	5.04822	0.0308927
968	5.95868	5.04916	0.0308751
969	5.5707	5.0497	0.0308479
970	4.9563	5.0496	0.0308163
971	5.57268	5.05014	0.0307892
972	4.00635	5.04907	0.0307763
973	5.39617	5.04942	0.0307467
974	4.37011	5.04873	0.030723
975	4.9897	5.04867	0.0306916
976	6.38342	5.05003	0.0306906
977	4.22781	5.04919	0.0306707
978	5.18583	5.04933	0.0306397
979	5.49155	5.04978	0.0306117
980	9.7505	5.05458	0.030954
981	5.24752	5.05478	0.0309231
982	6.47553	5.05622	0.0309254
983	4.24864	5.0554	0.0309049
984	4.27794	5.05461	0.0308836
985	5.6649	5.05523	0.0308584
986	5.526	5.05571	0.0308308
987	6.2334	5.0569	0.0308227
988	4.56976	5.05641	0.0307954
989	4.10413	5.05545	0.0307793
990	5.07658	5.05547	0.0307482
991	4.46595	5.05487	0.030723
992	3.86336	5.05367	0.0307155
993	6.38661	5.05501	0.0307138
994	5.44785	5.05541	0.0306855
995	5.43642	5.05579	0.030657
996	4.50869	5.05524	0.0306312
997	4.7154	5.0549	0.0306023
998	5.18761	5.05504	0.030572
999	4.79475	5.05478	0.0305425
1000	5.27384	5.05499	0.0305127
